1725257479540 0.0001626029406907037 0
1725257479632 0.00015725803677923977 1
1725257479702 0.0001520446821814403 2
1725257479769 0.00014692351396661252 3
1725257479824 0.00014186609769240022 4
1725257479885 0.00013687831233255565 5
1725257479953 0.00013197124644648284 6
1725257480023 0.00012715710909105837 7
1725257480102 0.00012244601384736598 8
1725257480167 0.000117845120257698 9
1725257480225 0.00011335976159898564 10
1725257480288 0.00010899432527367026 11
1725257480356 0.00010475219460204244 12
1725257480418 0.00010063529771286994 13
1725257480478 9.664340177550912e-05 14
1725257480564 9.277452772948891e-05 15
1725257480634 8.902519039111212e-05 16
1725257480704 8.539090777048841e-05 17
1725257480769 8.186660124920309e-05 18
1725257480840 7.84473231760785e-05 19
1725257480898 7.512835873058066e-05 20
1725257480971 7.190537871792912e-05 21
1725257481050 6.877456326037645e-05 22
1725257481150 6.573274731636047e-05 23
1725257481215 6.277722422964871e-05 24
1725257481284 5.990579666104168e-05 25
1725257481344 5.7116765674436465e-05 26
1725257481412 5.440879976958968e-05 27
1725257481485 5.17808148288168e-05 28
1725257481551 4.923210508422926e-05 29
1725257481612 4.676218668464571e-05 30
1725257481668 4.437071766005829e-05 31
1725257481733 4.2057545215357095e-05 32
1725257481799 3.98227057303302e-05 33
1725257481861 3.7666319258278236e-05 34
1725257481930 3.5588585888035595e-05 35
1725257481996 3.358984395163134e-05 36
1725257482057 3.1670439057052135e-05 37
1725257482133 2.9830764106009156e-05 38
1725257482206 2.8071253836969845e-05 39
1725257482282 2.639232116052881e-05 40
1725257482347 2.4794402634142898e-05 41
1725257482416 2.3277894797502086e-05 42
1725257482479 2.1843128706677817e-05 43
1725257482539 2.049035538220778e-05 44
1725257482603 1.921973489515949e-05 45
1725257482669 1.8031340005109087e-05 46
1725257482736 1.692504338279832e-05 47
1725257482801 1.5900610378594138e-05 48
1725257482868 1.4957555322325788e-05 49
1725257482942 1.4095141523284838e-05 50
1725257483008 1.3312368537299335e-05 51
1725257483064 1.2607944881892763e-05 52
1725257483138 1.1980246199527755e-05 53
1725257483215 1.142737892223522e-05 54
1725257483284 1.094713297788985e-05 55
1725257483343 1.0537080015637912e-05 56
1725257483403 1.0194557034992613e-05 57
1725257483475 9.916750059346668e-06 58
1725257483556 9.700741429696791e-06 59
1725257483615 9.543526175548322e-06 60
1725257483692 9.442073860554956e-06 61
1725257483763 9.39334677241277e-06 62
1725257483834 9.394297194376122e-06 63
1725257483894 9.441915608476847e-06 64
1725257483974 9.533204320177902e-06 65
1725257484033 9.665219295129646e-06 66
1725257484099 9.835055607254617e-06 67
1725257484163 1.0039855624199845e-05 68
1725257484236 1.027682901622029e-05 69
1725257484304 1.0543240932747722e-05 70
1725257484368 1.083643473975826e-05 71
1725257484441 1.115382110583596e-05 72
1725257484506 1.1492897101561539e-05 73
1725257484565 1.1851242561533581e-05 74
1725257484647 1.2226539183757268e-05 75
1725257484710 1.2616562344192062e-05 76
1725257484772 1.3019201105635148e-05 77
1725257484836 1.3432449122774415e-05 78
1725257484910 1.3854423741577193e-05 79
1725257484978 1.4283376003731973e-05 80
1725257485040 1.4717679732711986e-05 81
1725257485107 1.5155856999626849e-05 82
1725257485183 1.559658267069608e-05 83
1725257485240 1.6038660760386847e-05 84
1725257485308 1.6481079001096077e-05 85
1725257485373 1.69229806488147e-05 86
1725257485433 1.7363701772410423e-05 87
1725257485502 1.7802736692829058e-05 88
1725257485577 1.8239788914797828e-05 89
1725257485647 1.867476021288894e-05 90
1725257485709 1.9107752450508997e-05 91
1725257485777 1.953905484697316e-05 92
1725257485843 1.996923310798593e-05 93
1725257485910 2.039898026851006e-05 94
1725257485990 2.0829264030908234e-05 95
1725257486080 2.1261203073663637e-05 96
1725257486152 2.1696103431168012e-05 97
1725257486211 2.2135451217764057e-05 98
1725257490030 2.2580839868169278e-05 99
