1725257479540 2.318200102990886e-07 0
1725257479632 2.1730335220127017e-07 1
1725257479703 2.0356756635919737e-07 2
1725257479770 1.907061175643321e-07 3
1725257479825 1.7864988421933958e-07 4
1725257479885 1.6728350260564184e-07 5
1725257479954 1.5649777651560726e-07 6
1725257480023 1.4622511912421032e-07 7
1725257480102 1.3647178320752573e-07 8
1725257480167 1.2731194942716684e-07 9
1725257480225 1.1885315132076357e-07 10
1725257480289 1.1120749832116417e-07 11
1725257480357 1.0448093235027045e-07 12
1725257480419 9.877294360194355e-08 13
1725257480479 9.41794695563658e-08 14
1725257480564 9.079413132440095e-08 15
1725257480634 8.870959788964683e-08 16
1725257480704 8.801805506664095e-08 17
1725257480769 8.881177393504913e-08 18
1725257480840 9.118393506923894e-08 19
1725257480898 9.522842958631372e-08 20
1725257480971 1.0104078285166906e-07 21
1725257481051 1.0871841027437767e-07 22
1725257481150 1.1836078783744597e-07 23
1725257481216 1.3007026211653283e-07 24
1725257481284 1.439525902924288e-07 25
1725257481344 1.6011766490464652e-07 26
1725257481412 1.78680551243815e-07 27
1725257481486 1.9976184262304741e-07 28
1725257481551 2.2348916672854102e-07 29
1725257481612 2.4999809511427884e-07 30
1725257481668 2.794331805944239e-07 31
1725257481733 3.119485540992173e-07 32
1725257481799 3.4770897627822706e-07 33
1725257481862 3.868909175253066e-07 34
1725257481931 4.296825011351757e-07 35
1725257481996 4.7628520860598655e-07 36
1725257482057 5.269130269880407e-07 37
1725257482134 5.817942110297736e-07 38
1725257482206 6.411710842257889e-07 39
1725257482282 7.052997261780547e-07 40
1725257482347 7.744513936813746e-07 41
1725257482417 8.489110427944979e-07 42
1725257482479 9.289808531320887e-07 43
1725257482539 1.0149772151635261e-06 44
1725257482604 1.1072321512983763e-06 45
1725257482669 1.2060950211889576e-06 46
1725257482737 1.3119316690790583e-06 47
1725257482801 1.4251247648644494e-06 48
1725257482868 1.5460771010111785e-06 49
1725257482943 1.6752069313952234e-06 50
1725257483008 1.8129550198864308e-06 51
1725257483064 1.9597821392380865e-06 52
1725257483138 2.116165887855459e-06 53
1725257483216 2.2826088752481155e-06 54
1725257483284 2.459637926222058e-06 55
1725257483343 2.647799647093052e-06 56
1725257483403 2.8476679290179163e-06 57
1725257483475 3.0598403100157157e-06 58
1725257483556 3.2849429771886207e-06 59
1725257483615 3.5236273561167764e-06 60
1725257483693 3.7765751130791614e-06 61
1725257483763 4.044495653943159e-06 62
1725257483835 4.328126124164555e-06 63
1725257483894 4.6282393668661825e-06 64
1725257483975 4.94563528263825e-06 65
1725257484033 5.281145149638178e-06 66
1725257484099 5.635639354295563e-06 67
1725257484163 6.0100101109128445e-06 68
1725257484237 6.405191925296094e-06 69
1725257484305 6.8221488618291914e-06 70
1725257484368 7.261877726705279e-06 71
1725257484441 7.725411705905572e-06 72
1725257484506 8.213812179747038e-06 73
1725257484566 8.728176908334717e-06 74
1725257484648 9.269632755604107e-06 75
1725257484710 9.839348422246985e-06 76
1725257484772 1.0438511708343867e-05 77
1725257484836 1.1068349522247445e-05 78
1725257484911 1.1730126061593182e-05 79
1725257484979 1.2425121894921176e-05 80
1725257485040 1.3154658518033102e-05 81
1725257485107 1.3920083802076988e-05 82
1725257485184 1.47227656270843e-05 83
1725257485241 1.556411007186398e-05 84
1725257485309 1.6445543224108405e-05 85
1725257485373 1.736852209432982e-05 86
1725257485433 1.8334532796870917e-05 87
1725257485502 1.934507417900022e-05 88
1725257485577 2.0401681467774324e-05 89
1725257485647 2.1505933545995504e-05 90
1725257485709 2.2659398382529616e-05 91
1725257485778 2.386369669693522e-05 92
1725257485843 2.5120461941696703e-05 93
1725257485910 2.643137486302294e-05 94
1725257485990 2.7798141672974452e-05 95
1725257486081 2.922248859249521e-05 96
1725257486152 3.070617822231725e-05 97
1725257486212 3.225101681891829e-05 98
1725257490031 3.385880700079724e-05 99
