1725257479539 25.983205795288086 0
1725257479632 25.983320236206055 1
1725257479702 25.983423233032227 2
1725257479769 25.9835147857666 3
1725257479824 25.98359489440918 4
1725257479885 25.98366928100586 5
1725257479953 25.983736038208008 6
1725257480023 25.983800888061523 7
1725257480101 25.983863830566406 8
1725257480166 25.98392677307129 9
1725257480225 25.983985900878906 10
1725257480288 25.984045028686523 11
1725257480356 25.98410415649414 12
1725257480418 25.984163284301758 13
1725257480478 25.984222412109375 14
1725257480563 25.984283447265625 15
1725257480634 25.984346389770508 16
1725257480703 25.984411239624023 17
1725257480769 25.984479904174805 18
1725257480840 25.98455047607422 19
1725257480897 25.9846248626709 20
1725257480971 25.984703063964844 21
1725257481050 25.984783172607422 22
1725257481150 25.984867095947266 23
1725257481215 25.984954833984375 24
1725257481284 25.98504638671875 25
1725257481344 25.98514175415039 26
1725257481411 25.98523712158203 27
1725257481485 25.985340118408203 28
1725257481550 25.985443115234375 29
1725257481612 25.985549926757812 30
1725257481667 25.98566246032715 31
1725257481732 25.985774993896484 32
1725257481798 25.985891342163086 33
1725257481861 25.986011505126953 34
1725257481930 25.986133575439453 35
1725257481995 25.986255645751953 36
1725257482056 25.98638153076172 37
1725257482133 25.98651123046875 38
1725257482206 25.986642837524414 39
1725257482281 25.98677635192871 40
1725257482347 25.98691177368164 41
1725257482416 25.987051010131836 42
1725257482478 25.98719024658203 43
1725257482538 25.98733139038086 44
1725257482603 25.987478256225586 45
1725257482668 25.987625122070312 46
1725257482736 25.987773895263672 47
1725257482801 25.987926483154297 48
1725257482867 25.988079071044922 49
1725257482942 25.988239288330078 50
1725257483008 25.9883975982666 51
1725257483063 25.98855972290039 52
1725257483137 25.988723754882812 53
1725257483215 25.988889694213867 54
1725257483283 25.989059448242188 55
1725257483342 25.989227294921875 56
1725257483402 25.989398956298828 57
1725257483475 25.98957061767578 58
1725257483556 25.989742279052734 59
1725257483615 25.98991584777832 60
1725257483692 25.990089416503906 61
1725257483763 25.990259170532227 62
1725257483834 25.99043083190918 63
1725257483893 25.990598678588867 64
1725257483974 25.990764617919922 65
1725257484033 25.990928649902344 66
1725257484099 25.9910888671875 67
1725257484163 25.991247177124023 68
1725257484236 25.991397857666016 69
1725257484304 25.991546630859375 70
1725257484367 25.99169158935547 71
1725257484441 25.99182891845703 72
1725257484505 25.991962432861328 73
1725257484565 25.992088317871094 74
1725257484647 25.992204666137695 75
1725257484709 25.99231719970703 76
1725257484771 25.99241828918457 77
1725257484836 25.992515563964844 78
1725257484910 25.99260139465332 79
1725257484978 25.992677688598633 80
1725257485039 25.99274444580078 81
1725257485107 25.992801666259766 82
1725257485183 25.992847442626953 83
1725257485240 25.992881774902344 84
1725257485308 25.992904663085938 85
1725257485372 25.992918014526367 86
1725257485432 25.992918014526367 87
1725257485502 25.992904663085938 88
1725257485576 25.992876052856445 89
1725257485647 25.992835998535156 90
1725257485708 25.992782592773438 91
1725257485777 25.992713928222656 92
1725257485842 25.992630004882812 93
1725257485909 25.992530822753906 94
1725257485990 25.992414474487305 95
1725257486080 25.99228286743164 96
1725257486151 25.992137908935547 97
1725257486211 25.991975784301758 98
1725257490030 25.99179458618164 99
