1725257479539 1.0047775506973267 0
1725257479631 1.0019488334655762 1
1725257479701 0.9991310834884644 2
1725257479769 0.996324360370636 3
1725257479823 0.9935284852981567 4
1725257479884 0.9907430410385132 5
1725257479953 0.9879677891731262 6
1725257480022 0.9852021932601929 7
1725257480101 0.9824458360671997 8
1725257480166 0.9796980619430542 9
1725257480224 0.9769582748413086 10
1725257480288 0.9742257595062256 11
1725257480355 0.9714998602867126 12
1725257480417 0.9687799215316772 13
1725257480478 0.9660652875900269 14
1725257480563 0.9633552432060242 15
1725257480633 0.9606490731239319 16
1725257480703 0.9579461812973022 17
1725257480768 0.9552457332611084 18
1725257480839 0.9525471925735474 19
1725257480897 0.9498497247695923 20
1725257480970 0.9471526145935059 21
1725257481050 0.9444551467895508 22
1725257481149 0.941756546497345 23
1725257481215 0.9390560984611511 24
1725257481283 0.9363530874252319 25
1725257481343 0.933646559715271 26
1725257481411 0.9309359788894653 27
1725257481485 0.9282203316688538 28
1725257481550 0.925498902797699 29
1725257481611 0.9227709770202637 30
1725257481667 0.9200356006622314 31
1725257481732 0.917292058467865 32
1725257481798 0.9145395159721375 33
1725257481861 0.911777138710022 34
1725257481930 0.9090042114257812 35
1725257481995 0.9062198400497437 36
1725257482056 0.9034231901168823 37
1725257482133 0.90061354637146 38
1725257482205 0.8977898359298706 39
1725257482281 0.8949515223503113 40
1725257482346 0.8920975923538208 41
1725257482416 0.8892272710800171 42
1725257482478 0.8863397836685181 43
1725257482538 0.8834341168403625 44
1725257482603 0.8805097341537476 45
1725257482668 0.8775656223297119 46
1725257482735 0.8746010065078735 47
1725257482800 0.8716150522232056 48
1725257482867 0.8686069250106812 49
1725257482941 0.865575909614563 50
1725257483007 0.8625211715698242 51
1725257483063 0.859441876411438 52
1725257483137 0.8563372492790222 53
1725257483215 0.8532063961029053 54
1725257483283 0.8500486612319946 55
1725257483342 0.8468632698059082 56
1725257483402 0.8436494469642639 57
1725257483474 0.8404062986373901 58
1725257483555 0.8371330499649048 59
1725257483614 0.8338290452957153 60
1725257483692 0.8304934501647949 61
1725257483762 0.827125608921051 62
1725257483834 0.823724627494812 63
1725257483893 0.8202897906303406 64
1725257483974 0.8168204426765442 65
1725257484032 0.8133158087730408 66
1725257484098 0.8097751140594482 67
1725257484162 0.8061977624893188 68
1725257484236 0.8025829195976257 69
1725257484304 0.7989300489425659 70
1725257484367 0.7952382564544678 71
1725257484440 0.7915071845054626 72
1725257484505 0.7877358794212341 73
1725257484565 0.783923864364624 74
1725257484646 0.7800705432891846 75
1725257484709 0.7761751413345337 76
1725257484771 0.7722371220588684 77
1725257484835 0.7682559490203857 78
1725257484910 0.7642310857772827 79
1725257484977 0.7601618766784668 80
1725257485039 0.7560478448867798 81
1725257485106 0.7518885135650635 82
1725257485183 0.7476834058761597 83
1725257485240 0.7434319853782654 84
1725257485308 0.7391338348388672 85
1725257485372 0.7347885370254517 86
1725257485432 0.7303957939147949 87
1725257485501 0.7259551286697388 88
1725257485576 0.7214661836624146 89
1725257485646 0.7169287204742432 90
1725257485708 0.7123425006866455 91
1725257485776 0.7077071666717529 92
1725257485841 0.7030225992202759 93
1725257485909 0.6982886791229248 94
1725257485989 0.6935051083564758 95
1725257486079 0.6886719465255737 96
1725257486151 0.683789074420929 97
1725257486210 0.6788564920425415 98
1725257490030 0.6738742589950562 99
