1725257479538 8.843364715576172 0
1725257479631 8.84341049194336 1
1725257479701 8.843449592590332 2
1725257479768 8.843482971191406 3
1725257479823 8.843509674072266 4
1725257479883 8.84353256225586 5
1725257479952 8.843551635742188 6
1725257480022 8.843570709228516 7
1725257480100 8.843587875366211 8
1725257480165 8.84360408782959 9
1725257480223 8.843620300292969 10
1725257480287 8.843634605407715 11
1725257480355 8.843650817871094 12
1725257480417 8.843666076660156 13
1725257480477 8.843684196472168 14
1725257480562 8.843700408935547 15
1725257480633 8.843721389770508 16
1725257480702 8.843741416931152 17
1725257480767 8.843765258789062 18
1725257480838 8.843791007995605 19
1725257480896 8.843818664550781 20
1725257480970 8.843850135803223 21
1725257481049 8.84388256072998 22
1725257481148 8.84391975402832 23
1725257481214 8.843957901000977 24
1725257481282 8.843998908996582 25
1725257481343 8.844042778015137 26
1725257481410 8.844088554382324 27
1725257481484 8.844137191772461 28
1725257481549 8.844188690185547 29
1725257481611 8.844242095947266 30
1725257481666 8.844297409057617 31
1725257481731 8.844355583190918 32
1725257481797 8.844415664672852 33
1725257481860 8.844478607177734 34
1725257481929 8.844542503356934 35
1725257481994 8.844608306884766 36
1725257482055 8.844676971435547 37
1725257482132 8.844746589660645 38
1725257482205 8.844818115234375 39
1725257482280 8.844890594482422 40
1725257482346 8.844966888427734 41
1725257482415 8.845041275024414 42
1725257482477 8.84511947631836 43
1725257482537 8.845199584960938 44
1725257482602 8.845279693603516 45
1725257482667 8.84536361694336 46
1725257482735 8.845447540283203 47
1725257482800 8.84553337097168 48
1725257482866 8.845620155334473 49
1725257482940 8.845709800720215 50
1725257483007 8.84579849243164 51
1725257483062 8.845890045166016 52
1725257483136 8.845983505249023 53
1725257483214 8.846076965332031 54
1725257483282 8.846173286437988 55
1725257483341 8.846268653869629 56
1725257483401 8.846364974975586 57
1725257483473 8.84646224975586 58
1725257483555 8.846559524536133 59
1725257483614 8.84665584564209 60
1725257483691 8.846752166748047 61
1725257483762 8.846847534179688 62
1725257483833 8.846941947937012 63
1725257483892 8.847037315368652 64
1725257483973 8.847129821777344 65
1725257484031 8.847220420837402 66
1725257484097 8.847309112548828 67
1725257484161 8.847395896911621 68
1725257484235 8.847479820251465 69
1725257484303 8.84756088256836 70
1725257484366 8.847639083862305 71
1725257484440 8.8477144241333 72
1725257484504 8.847784042358398 73
1725257484564 8.847851753234863 74
1725257484646 8.847914695739746 75
1725257484708 8.847972869873047 76
1725257484770 8.848026275634766 77
1725257484835 8.848073959350586 78
1725257484909 8.84811782836914 79
1725257484977 8.848155975341797 80
1725257485038 8.848187446594238 81
1725257485106 8.848213195800781 82
1725257485182 8.84823226928711 83
1725257485239 8.848244667053223 84
1725257485307 8.848250389099121 85
1725257485371 8.848249435424805 86
1725257485431 8.84823989868164 87
1725257485501 8.848224639892578 88
1725257485575 8.848199844360352 89
1725257485645 8.848167419433594 90
1725257485707 8.848126411437988 91
1725257485775 8.848077774047852 92
1725257485840 8.848020553588867 93
1725257485908 8.847953796386719 94
1725257485988 8.847877502441406 95
1725257486079 8.847792625427246 96
1725257486150 8.847699165344238 97
1725257486210 8.84759521484375 98
1725257490029 8.847481727600098 99
