1725257479538 0.00016604806296527386 0
1725257479631 0.0001613516651559621 1
1725257479701 0.0001567570143379271 2
1725257479768 0.00015221827197819948 3
1725257479823 0.00014770666894037277 4
1725257479884 0.0001432292046956718 5
1725257479952 0.00013879880134481937 6
1725257480022 0.00013442948693409562 7
1725257480101 0.0001301335432799533 8
1725257480166 0.00012592037091962993 9
1725257480224 0.00012179730401840061 10
1725257480287 0.00011776988685596734 11
1725257480355 0.00011384188110241666 12
1725257480417 0.00011001500388374552 13
1725257480477 0.00010628865857142955 14
1725257480563 0.00010266052413498983 15
1725257480633 9.912704990711063e-05 16
1725257480702 9.568398672854528e-05 17
1725257480768 9.232664888259023e-05 18
1725257480839 8.905066351871938e-05 19
1725257480897 8.585198520449921e-05 20
1725257480970 8.27268959255889e-05 21
1725257481049 7.967231795191765e-05 22
1725257481149 7.66856101108715e-05 23
1725257481214 7.376472058240324e-05 24
1725257481283 7.090794679243118e-05 25
1725257481343 6.811408820794895e-05 26
1725257481411 6.538226443808526e-05 27
1725257481484 6.271176971495152e-05 28
1725257481550 6.010225843056105e-05 29
1725257481611 5.755355959990993e-05 30
1725257481667 5.5065589549485594e-05 31
1725257481732 5.2638428314821795e-05 32
1725257481798 5.0272312364540994e-05 33
1725257481860 4.796753637492657e-05 34
1725257481929 4.572443140204996e-05 35
1725257481995 4.3543466745177284e-05 36
1725257482056 4.142510442761704e-05 37
1725257482132 3.9369846490444615e-05 38
1725257482205 3.737824226845987e-05 39
1725257482281 3.545083018252626e-05 40
1725257482346 3.358821413712576e-05 41
1725257482415 3.179095801897347e-05 42
1725257482477 3.0059614800848067e-05 43
1725257482538 2.8394693799782544e-05 44
1725257482602 2.6796667953021824e-05 45
1725257482667 2.5265966542065144e-05 46
1725257482735 2.380287514824886e-05 47
1725257482800 2.240765024907887e-05 48
1725257482867 2.1080328224343248e-05 49
1725257482941 1.9820752640953287e-05 50
1725257483007 1.862855424406007e-05 51
1725257483063 1.750308001646772e-05 52
1725257483136 1.644338044570759e-05 53
1725257483214 1.54482368088793e-05 54
1725257483283 1.4516100236505736e-05 55
1725257483341 1.3645221770275384e-05 56
1725257483401 1.2833562323066872e-05 57
1725257483474 1.2078951840521768e-05 58
1725257483555 1.1379112947906833e-05 59
1725257483614 1.073167186405044e-05 60
1725257483691 1.0134255717275664e-05 61
1725257483762 9.584522558725439e-06 62
1725257483833 9.080133168026805e-06 63
1725257483893 8.618842912255786e-06 64
1725257483973 8.198448085749988e-06 65
1725257484032 7.816837751306593e-06 66
1725257484098 7.471994194929721e-06 67
1725257484162 7.1619797381572425e-06 68
1725257484235 6.884951289976016e-06 69
1725257484303 6.639191724389093e-06 70
1725257484366 6.423086233553477e-06 71
1725257484440 6.235116416064557e-06 72
1725257484504 6.0738748288713396e-06 73
1725257484564 5.938103186053922e-06 74
1725257484646 5.8266705309506506e-06 75
1725257484708 5.738553227274679e-06 76
1725257484771 5.672869519912638e-06 77
1725257484835 5.628898179566022e-06 78
1725257484909 5.606075319519732e-06 79
1725257484977 5.603977115242742e-06 80
1725257485039 5.622321168630151e-06 81
1725257485106 5.6610110732435714e-06 82
1725257485182 5.720110493712127e-06 83
1725257485239 5.799829523311928e-06 84
1725257485307 5.900554242543876e-06 85
1725257485371 6.022844445396913e-06 86
1725257485432 6.167386800370878e-06 87
1725257485501 6.33506397207384e-06 88
1725257485575 6.5268604885204695e-06 89
1725257485645 6.743927770003211e-06 90
1725257485707 6.987534106883686e-06 91
1725257485776 7.259043741214555e-06 92
1725257485841 7.55989458411932e-06 93
1725257485908 7.891610039223451e-06 94
1725257485988 8.255705324700102e-06 95
1725257486079 8.65367655933369e-06 96
1725257486151 9.086996215046383e-06 97
1725257486210 9.556957593304105e-06 98
1725257490029 1.0064703019452281e-05 99
