1725257479537 6.2637955124955624e-06 0
1725257479630 6.13807060290128e-06 1
1725257479700 6.0146767282276414e-06 2
1725257479767 5.894467903999612e-06 3
1725257479822 5.777158094133483e-06 4
1725257479883 5.662403964379337e-06 5
1725257479951 5.5499235713796224e-06 6
1725257480021 5.439597771328408e-06 7
1725257480100 5.331184183887672e-06 8
1725257480164 5.224338110565441e-06 9
1725257480223 5.118823537486605e-06 10
1725257480286 5.014650923840236e-06 11
1725257480354 4.912081749353092e-06 12
1725257480416 4.811520739167463e-06 13
1725257480476 4.713388079835568e-06 14
1725257480562 4.618017555912957e-06 15
1725257480632 4.5256274461280555e-06 16
1725257480701 4.436310518940445e-06 17
1725257480767 4.350068138592178e-06 18
1725257480838 4.266838004696183e-06 19
1725257480896 4.1865091588988435e-06 20
1725257480969 4.1089497244684026e-06 21
1725257481048 4.034011453768471e-06 22
1725257481148 3.961531547247432e-06 23
1725257481213 3.891343567374861e-06 24
1725257481282 3.823277438641526e-06 25
1725257481342 3.7571605844277656e-06 26
1725257481410 3.692824066092726e-06 27
1725257481483 3.630096671258798e-06 28
1725257481548 3.5688099160324782e-06 29
1725257481610 3.5088055483356584e-06 30
1725257481665 3.449932137300493e-06 31
1725257481730 3.3920505302376114e-06 32
1725257481797 3.335034534757142e-06 33
1725257481859 3.2787706913950387e-06 34
1725257481928 3.2231650948233437e-06 35
1725257481993 3.168138391629327e-06 36
1725257482055 3.113633738394128e-06 37
1725257482131 3.059611117350869e-06 38
1725257482204 3.00605302072654e-06 39
1725257482280 2.952957856905414e-06 40
1725257482345 2.90034108729742e-06 41
1725257482414 2.8482329526013928e-06 42
1725257482476 2.7966757443209644e-06 43
1725257482537 2.7457210762804607e-06 44
1725257482601 2.6954301119985757e-06 45
1725257482666 2.645873792062048e-06 46
1725257482734 2.5971294235205278e-06 47
1725257482799 2.5492820441286312e-06 48
1725257482865 2.5024241949722636e-06 49
1725257482940 2.4566520551161375e-06 50
1725257483006 2.4120727175613865e-06 51
1725257483062 2.3687944121775217e-06 52
1725257483135 2.32693105317594e-06 53
1725257483213 2.2865999653731706e-06 54
1725257483282 2.2479239305539522e-06 55
1725257483340 2.211025503129349e-06 56
1725257483400 2.176030193368206e-06 57
1725257483473 2.1430628294183407e-06 58
1725257483554 2.1122484668012476e-06 59
1725257483613 2.083713070533122e-06 60
1725257483690 2.057581468761782e-06 61
1725257483761 2.0339764432719676e-06 62
1725257483832 2.013021003222093e-06 63
1725257483891 1.9948379303968977e-06 64
1725257483972 1.9795502339547966e-06 65
1725257484031 1.9672809230542043e-06 66
1725257484097 1.9581530068535358e-06 67
1725257484161 1.9522919956216356e-06 68
1725257484234 1.9498245364957256e-06 69
1725257484302 1.950878868228756e-06 70
1725257484365 1.9555859580577817e-06 71
1725257484439 1.964076545846183e-06 72
1725257484503 1.9764861463045236e-06 73
1725257484563 1.9929484551539645e-06 74
1725257484645 2.0136026250838768e-06 75
1725257484707 2.0385896277730353e-06 76
1725257484770 2.0680513443949167e-06 77
1725257484834 2.102131929859752e-06 78
1725257484908 2.1409800865512807e-06 79
1725257484976 2.184747017963673e-06 80
1725257485038 2.233586201327853e-06 81
1725257485105 2.287657025590306e-06 82
1725257485181 2.347120243939571e-06 83
1725257485238 2.4121359274431597e-06 84
1725257485306 2.4828723326209e-06 85
1725257485370 2.5594936232664622e-06 86
1725257485431 2.6421694201417267e-06 87
1725257485500 2.7310647965350654e-06 88
1725257485574 2.826349373208359e-06 89
1725257485644 2.9281859497132245e-06 90
1725257485706 3.036738462469657e-06 91
1725257485774 3.1521619803243084e-06 92
1725257485839 3.2746086162660504e-06 93
1725257485907 3.404224116820842e-06 94
1725257485987 3.541141722962493e-06 95
1725257486078 3.6854876270808745e-06 96
1725257486150 3.837367330561392e-06 97
1725257486209 3.99688042307389e-06 98
1725257490028 4.16410011894186e-06 99
