1725257479537 3.5349316931387875e-06 0
1725257479629 3.5719701827474637e-06 1
1725257479699 3.607473900046898e-06 2
1725257479767 3.6414849091670476e-06 3
1725257479822 3.6739227198268054e-06 4
1725257479882 3.7045524550194386e-06 5
1725257479951 3.733148332685232e-06 6
1725257480020 3.7594509194605052e-06 7
1725257480099 3.783325837503071e-06 8
1725257480164 3.804800599027658e-06 9
1725257480222 3.823980478045996e-06 10
1725257480286 3.840981662506238e-06 11
1725257480354 3.8558937376365066e-06 12
1725257480415 3.8687712731189094e-06 13
1725257480475 3.879648829752114e-06 14
1725257480561 3.888568699039752e-06 15
1725257480631 3.895583631674526e-06 16
1725257480700 3.900760475517018e-06 17
1725257480766 3.90418335882714e-06 18
1725257480837 3.905938683601562e-06 19
1725257480895 3.906121492036618e-06 20
1725257480968 3.904830009560101e-06 21
1725257481048 3.902165190083906e-06 22
1725257481147 3.898228897014633e-06 23
1725257481213 3.893121174769476e-06 24
1725257481281 3.886947979481192e-06 25
1725257481341 3.8798139030404855e-06 26
1725257481409 3.871825356327463e-06 27
1725257481483 3.863089204969583e-06 28
1725257481548 3.8537073123734444e-06 29
1725257481609 3.8437838156824e-06 30
1725257481665 3.8334119381033815e-06 31
1725257481730 3.8226780816330574e-06 32
1725257481796 3.811661372310482e-06 33
1725257481859 3.8004318412276916e-06 34
1725257481928 3.7890445128141437e-06 35
1725257481993 3.7775462260469794e-06 36
1725257482054 3.7659735880879452e-06 37
1725257482131 3.7543518374150153e-06 38
1725257482203 3.7426962080644444e-06 39
1725257482279 3.7310130664991448e-06 40
1725257482344 3.7193008211033884e-06 41
1725257482414 3.7075483305670787e-06 42
1725257482476 3.695743544085417e-06 43
1725257482536 3.6838646337855607e-06 44
1725257482601 3.6718881801789394e-06 45
1725257482666 3.659789626908605e-06 46
1725257482733 3.6475371416599955e-06 47
1725257482798 3.635098892118549e-06 48
1725257482865 3.622442818596028e-06 49
1725257482939 3.60953208655701e-06 50
1725257483005 3.596331680455478e-06 51
1725257483061 3.582806129998062e-06 52
1725257483135 3.568917463780963e-06 53
1725257483213 3.5546268009056803e-06 54
1725257483281 3.5398975342104677e-06 55
1725257483340 3.5246907827968244e-06 56
1725257483400 3.508967438392574e-06 57
1725257483472 3.4926870284834877e-06 58
1725257483554 3.475810444797389e-06 59
1725257483612 3.4582997159304796e-06 60
1725257483690 3.440115960984258e-06 61
1725257483761 3.4212187074444955e-06 62
1725257483832 3.4015702112810686e-06 63
1725257483891 3.381129317858722e-06 64
1725257483972 3.359858055773657e-06 65
1725257484030 3.3377161798853194e-06 66
1725257484096 3.314663217679481e-06 67
1725257484160 3.2906607430049917e-06 68
1725257484234 3.2656657822371926e-06 69
1725257484302 3.2396387723565567e-06 70
1725257484365 3.2125390134751797e-06 71
1725257484439 3.184323759342078e-06 72
1725257484503 3.1549516279483214e-06 73
1725257484563 3.124380782537628e-06 74
1725257484645 3.0925680221116636e-06 75
1725257484707 3.059468554056366e-06 76
1725257484769 3.025040314241778e-06 77
1725257484834 2.9892373731854605e-06 78
1725257484908 2.9520188036258332e-06 79
1725257484976 2.9133379939594306e-06 80
1725257485037 2.8731528800562955e-06 81
1725257485104 2.8314236715232255e-06 82
1725257485181 2.7881094410986407e-06 83
1725257485238 2.743170171015663e-06 84
1725257485306 2.6965735742123798e-06 85
1725257485370 2.6482855446374742e-06 86
1725257485430 2.5982794795709196e-06 87
1725257485499 2.54653173215047e-06 88
1725257485573 2.493027523087221e-06 89
1725257485643 2.4377554836974014e-06 90
1725257485705 2.3807140223652823e-06 91
1725257485774 2.321909732927452e-06 92
1725257485839 2.2613603505305946e-06 93
1725257485906 2.1990972527419217e-06 94
1725257485987 2.1351643226807937e-06 95
1725257486077 2.069619768008124e-06 96
1725257486149 2.0025397589051863e-06 97
1725257486209 1.9340234302944737e-06 98
1725257490028 1.8641891301740543e-06 99
