1725257479537 5800247.5 0
1725257479630 5788461.0 1
1725257479700 5776704.0 2
1725257479768 5764975.5 3
1725257479822 5753275.0 4
1725257479883 5741601.0 5
1725257479951 5729951.0 6
1725257480021 5718324.0 7
1725257480100 5706716.0 8
1725257480165 5695125.0 9
1725257480223 5683547.0 10
1725257480287 5671980.0 11
1725257480354 5660421.0 12
1725257480416 5648865.0 13
1725257480476 5637311.0 14
1725257480562 5625754.0 15
1725257480632 5614192.0 16
1725257480701 5602621.0 17
1725257480767 5591038.0 18
1725257480838 5579439.0 19
1725257480896 5567821.0 20
1725257480969 5556180.5 21
1725257481049 5544513.0 22
1725257481148 5532816.0 23
1725257481214 5521085.5 24
1725257481282 5509316.5 25
1725257481342 5497506.5 26
1725257481410 5485651.0 27
1725257481484 5473745.5 28
1725257481549 5461787.0 29
1725257481610 5449772.0 30
1725257481666 5437694.0 31
1725257481731 5425551.5 32
1725257481797 5413339.0 33
1725257481860 5401052.0 34
1725257481928 5388687.5 35
1725257481994 5376240.0 36
1725257482055 5363706.5 37
1725257482132 5351082.0 38
1725257482204 5338362.5 39
1725257482280 5325544.0 40
1725257482345 5312622.0 41
1725257482415 5299591.5 42
1725257482477 5286449.0 43
1725257482537 5273191.0 44
1725257482602 5259811.0 45
1725257482667 5246307.0 46
1725257482734 5232673.0 47
1725257482799 5218905.5 48
1725257482866 5205000.0 49
1725257482940 5190952.5 50
1725257483006 5176758.0 51
1725257483062 5162413.0 52
1725257483136 5147912.0 53
1725257483214 5133252.0 54
1725257483282 5118427.0 55
1725257483341 5103434.0 56
1725257483401 5088268.0 57
1725257483473 5072925.0 58
1725257483554 5057399.0 59
1725257483613 5041687.5 60
1725257483691 5025785.0 61
1725257483761 5009687.0 62
1725257483833 4993388.5 63
1725257483892 4976886.0 64
1725257483972 4960174.0 65
1725257484031 4943249.0 66
1725257484097 4926105.5 67
1725257484161 4908739.0 68
1725257484234 4891145.5 69
1725257484303 4873319.5 70
1725257484366 4855257.5 71
1725257484439 4836954.5 72
1725257484504 4818406.5 73
1725257484564 4799608.0 74
1725257484645 4780555.0 75
1725257484707 4761243.5 76
1725257484770 4741669.0 77
1725257484834 4721827.0 78
1725257484909 4701712.5 79
1725257484976 4681323.0 80
1725257485038 4660653.0 81
1725257485105 4639699.0 82
1725257485181 4618456.5 83
1725257485238 4596922.5 84
1725257485306 4575092.5 85
1725257485370 4552962.5 86
1725257485431 4530530.0 87
1725257485500 4507790.5 88
1725257485574 4484740.5 89
1725257485644 4461378.0 90
1725257485706 4437699.0 91
1725257485775 4413700.5 92
1725257485840 4389381.0 93
1725257485907 4364736.0 94
1725257485988 4339764.5 95
1725257486078 4314464.0 96
1725257486150 4288832.0 97
1725257486209 4262868.0 98
1725257490028 4236570.0 99
