1725257479536 5800283.5 0
1725257479629 5788497.0 1
1725257479698 5776740.0 2
1725257479766 5765011.5 3
1725257479821 5753311.0 4
1725257479882 5741637.0 5
1725257479950 5729987.0 6
1725257480020 5718360.0 7
1725257480099 5706752.0 8
1725257480163 5695161.0 9
1725257480222 5683583.0 10
1725257480285 5672016.0 11
1725257480353 5660457.0 12
1725257480415 5648901.0 13
1725257480475 5637347.0 14
1725257480561 5625790.0 15
1725257480631 5614228.0 16
1725257480700 5602657.0 17
1725257480766 5591074.0 18
1725257480837 5579475.0 19
1725257480895 5567857.0 20
1725257480968 5556216.5 21
1725257481047 5544549.0 22
1725257481147 5532852.0 23
1725257481212 5521121.5 24
1725257481281 5509352.5 25
1725257481341 5497542.5 26
1725257481409 5485687.0 27
1725257481482 5473781.5 28
1725257481547 5461823.0 29
1725257481609 5449808.0 30
1725257481665 5437730.0 31
1725257481729 5425587.5 32
1725257481796 5413375.0 33
1725257481858 5401088.0 34
1725257481927 5388723.5 35
1725257481992 5376276.0 36
1725257482054 5363742.5 37
1725257482130 5351118.0 38
1725257482203 5338398.5 39
1725257482279 5325580.0 40
1725257482344 5312658.0 41
1725257482413 5299627.5 42
1725257482475 5286485.0 43
1725257482536 5273227.0 44
1725257482600 5259847.0 45
1725257482665 5246343.0 46
1725257482733 5232709.0 47
1725257482798 5218941.5 48
1725257482864 5205036.0 49
1725257482938 5190988.5 50
1725257483005 5176794.0 51
1725257483061 5162449.0 52
1725257483134 5147948.0 53
1725257483212 5133288.0 54
1725257483281 5118463.0 55
1725257483339 5103470.0 56
1725257483399 5088304.0 57
1725257483472 5072961.0 58
1725257483553 5057435.0 59
1725257483612 5041723.5 60
1725257483689 5025821.0 61
1725257483760 5009723.0 62
1725257483831 4993424.5 63
1725257483890 4976922.0 64
1725257483971 4960210.0 65
1725257484030 4943285.0 66
1725257484096 4926141.5 67
1725257484160 4908775.0 68
1725257484233 4891181.5 69
1725257484301 4873355.5 70
1725257484364 4855293.5 71
1725257484438 4836990.5 72
1725257484502 4818442.5 73
1725257484562 4799644.0 74
1725257484644 4780591.0 75
1725257484706 4761279.5 76
1725257484769 4741705.0 77
1725257484833 4721863.0 78
1725257484907 4701748.5 79
1725257484975 4681359.0 80
1725257485036 4660689.0 81
1725257485104 4639735.0 82
1725257485180 4618492.0 83
1725257485237 4596958.0 84
1725257485305 4575128.0 85
1725257485369 4552998.0 86
1725257485430 4530565.5 87
1725257485499 4507826.0 88
1725257485573 4484776.0 89
1725257485643 4461413.5 90
1725257485705 4437734.5 91
1725257485773 4413736.0 92
1725257485838 4389416.5 93
1725257485905 4364771.5 94
1725257485986 4339800.0 95
1725257486077 4314499.5 96
1725257486148 4288867.5 97
1725257486208 4262903.5 98
1725257490027 4236605.5 99
