1724576446997 12.963468551635742 0
1724576488752 11.308381080627441 500
1724576532442 9.96425724029541 1000
1724576573729 8.863836288452148 1500
1724576615555 7.965505599975586 2000
1724576656694 6.020946025848389 2500
1724576698017 3.21260666847229 3000
1724576737466 1.4895309209823608 3500
1724576776765 0.4197944402694702 4000
1724576817967 0.31713810563087463 4500
1724576859657 0.3122725486755371 5000
1724576900476 0.2516297996044159 5500
1724576942783 0.2942958474159241 6000
1724576982996 0.24558056890964508 6500
1724577025028 0.4334104359149933 7000
1724577065659 0.25585031509399414 7500
1724577105262 0.3144586980342865 8000
1724577144735 0.21443818509578705 8500
1724577184401 0.272262305021286 9000
1724577224860 0.21102260053157806 9500
1724577265884 0.19762365520000458 9999
