1724576446997 0.0007413633284159005 0
1724576488753 1.705459218293015e-09 500
1724576532442 1.238441016404579e-09 1000
1724576573730 2.816357813628656e-09 1500
1724576615556 2.844723567818619e-08 2000
1724576656695 1.3695233974431176e-05 2500
1724576698017 0.0018953587859869003 3000
1724576737466 0.0013632486807182431 3500
1724576776765 0.0001134948615799658 4000
1724576817968 9.463887545280159e-05 4500
1724576859657 0.00012326333671808243 5000
1724576900476 0.00017825870600063354 5500
1724576942783 0.00030966661870479584 6000
1724576982997 0.0002303689980180934 6500
1724577025029 0.00035132415359839797 7000
1724577065659 0.0002769310085568577 7500
1724577105263 0.0002816166961565614 8000
1724577144735 0.00028833007672801614 8500
1724577184401 0.0005614365800283849 9000
1724577224860 0.00022386410273611546 9500
1724577265884 0.0002503007708583027 9999
