1724576446998 4.293410904576689e-10 0
1724576488753 8.004362450630964e-11 500
1724576532443 3.4666838844010783e-11 1000
1724576573730 2.4255250585802912e-11 1500
1724576615556 2.6606218964109196e-11 2000
1724576656695 1.8092752296361425e-10 2500
1724576698018 2.42437714348398e-09 3000
1724576737466 1.0602845268437022e-09 3500
1724576776766 8.76436812013992e-10 4000
1724576817968 7.097916698839413e-10 4500
1724576859657 3.944477799944224e-10 5000
1724576900477 4.449350887725245e-10 5500
1724576942784 7.357822129350211e-10 6000
1724576982997 2.314928110314085e-10 6500
1724577025029 7.033361670849558e-10 7000
1724577065660 3.000550918841327e-10 7500
1724577105263 1.2594994491799127e-10 8000
1724577144736 1.0701824842973551e-10 8500
1724577184402 1.3410589305706822e-10 9000
1724577224861 9.301959202900889e-10 9500
1724577265885 1.7096390275694873e-11 9999
