1724576446993 5.191579746390629e-17 0
1724576488749 2.099700212217457e-17 500
1724576532439 9.126623173220946e-17 1000
1724576573727 1.514261049187908e-16 1500
1724576615553 3.0992527905428983e-16 2000
1724576656691 8.440013445076833e-12 2500
1724576698014 5.8653126799868e-10 3000
1724576737463 3.7772560079751827e-10 3500
1724576776762 5.5325904968484e-10 4000
1724576817965 1.9990191724161832e-09 4500
1724576859654 1.208110322892253e-08 5000
1724576900473 1.0867733379882338e-08 5500
1724576942780 1.3449405145138371e-08 6000
1724576982993 1.7485092485003406e-08 6500
1724577025026 2.2523488851788898e-08 7000
1724577065656 2.3852461339401998e-08 7500
1724577105259 2.3043293495561556e-08 8000
1724577144732 2.307083057928594e-08 8500
1724577184398 2.2506437602487495e-08 9000
1724577224857 2.6466116409551432e-08 9500
1724577265881 2.3887269051670046e-08 9999
