1724576446996 0.00010841814219020307 0
1724576488752 3.993802238255739e-06 500
1724576532441 3.996910891146399e-06 1000
1724576573729 3.995924998889677e-06 1500
1724576615555 3.994224243797362e-06 2000
1724576656694 3.9439592001144774e-06 2500
1724576698017 3.959714831580641e-06 3000
1724576737465 3.8052096442697803e-06 3500
1724576776764 3.969575118389912e-06 4000
1724576817967 3.969828867411707e-06 4500
1724576859656 3.349041207911796e-06 5000
1724576900475 3.829160050372593e-06 5500
1724576942782 3.7485126540559577e-06 6000
1724576982996 3.9231554183061235e-06 6500
1724577025028 3.5324494547239738e-06 7000
1724577065659 3.8154444155225065e-06 7500
1724577105262 3.831984031421598e-06 8000
1724577144734 3.902240223396802e-06 8500
1724577184401 3.7959543988108635e-06 9000
1724577224859 2.7542703264771262e-06 9500
1724577265883 3.935549102607183e-06 9999
