1724576446996 0.0007413200219161808 0
1724576488751 2.9494603981383705e-10 500
1724576532441 5.198541944140267e-11 1000
1724576573728 2.1432622343553476e-09 1500
1724576615554 2.851324865105198e-08 2000
1724576656693 1.2626881471078377e-05 2500
1724576698016 0.001676340471021831 3000
1724576737465 0.0014032548060640693 3500
1724576776764 0.0011721792398020625 4000
1724576817966 0.0012931575765833259 4500
1724576859656 0.001373029313981533 5000
1724576900475 0.0012999360915273428 5500
1724576942782 0.0011018806835636497 6000
1724576982995 0.0011894302442669868 6500
1724577025027 0.000982021912932396 7000
1724577065658 0.0010081585496664047 7500
1724577105261 0.0008305683732032776 8000
1724577144734 0.0007613976486027241 8500
1724577184400 0.0007189087336882949 9000
1724577224859 0.0006358802784234285 9500
1724577265883 0.0006170334527269006 9999
