1724576446995 8.672085762023926 0
1724576488751 7.016973495483398 500
1724576532440 5.673003673553467 1000
1724576573728 4.573396682739258 1500
1724576615554 3.6788127422332764 2000
1724576656693 2.213667869567871 2500
1724576698016 0.6694009304046631 3000
1724576737464 0.045787304639816284 3500
1724576776763 0.15876881778240204 4000
1724576817966 0.18260295689105988 4500
1724576859655 0.1568681001663208 5000
1724576900474 0.16413570940494537 5500
1724576942781 0.1187482625246048 6000
1724576982995 0.13771329820156097 6500
1724577025027 0.04639292508363724 7000
1724577065658 0.11570048332214355 7500
1724577105261 0.07813980430364609 8000
1724577144733 0.13729573786258698 8500
1724577184400 0.09956054389476776 9000
1724577224859 0.1274469494819641 9500
1724577265882 0.138514444231987 9999
