1724576446993 756.67236328125 0
1724576488749 6.108521461486816 500
1724576532438 5.212456703186035 1000
1724576573726 4.479103088378906 1500
1724576615552 3.8814611434936523 2000
1724576656691 2.746901035308838 2500
1724576698013 1.2960418462753296 3000
1724576737462 0.5329307317733765 3500
1724576776761 0.19374938309192657 4000
1724576817964 0.16753819584846497 4500
1724576859653 0.42579978704452515 5000
1724576900472 0.15550300478935242 5500
1724576942779 0.18264199793338776 6000
1724576982992 0.13189999759197235 6500
1724577025025 0.30844584107398987 7000
1724577065655 0.14559003710746765 7500
1724577105259 0.1492038071155548 8000
1724577144731 0.12533263862133026 8500
1724577184398 0.1514550745487213 9000
1724577224856 1.1607733964920044 9500
1724577265880 0.11461250483989716 9999
