1724576446994 2248.3798828125 0
1724576488750 0.00020602808217518032 500
1724576532440 0.00010417397425044328 1000
1724576573728 7.101368100848049e-05 1500
1724576615554 6.063628097763285e-05 2000
1724576656692 0.006058298517018557 2500
1724576698015 0.0025419574230909348 3000
1724576737464 0.06070347875356674 3500
1724576776763 0.001395205850712955 4000
1724576817966 0.0014817300252616405 4500
1724576859655 0.8067591190338135 5000
1724576900474 0.04926144704222679 5500
1724576942781 0.13346657156944275 6000
1724576982994 0.010982378385961056 6500
1724577025026 0.44419723749160767 7000
1724577065657 0.06393036246299744 7500
1724577105260 0.053896866738796234 8000
1724577144733 0.023210305720567703 8500
1724577184399 0.08125821501016617 9000
1724577224858 3.1429882049560547 9500
1724577265882 0.0068281302228569984 9999
