1724576446994 4.597256431971689e-17 0
1724576488750 3.664339637821723e-17 500
1724576532439 3.2820445519682955e-17 1000
1724576573727 2.348395372103975e-17 1500
1724576615553 1.036436048987201e-17 2000
1724576656692 1.5386748204227786e-14 2500
1724576698015 2.5892309130082225e-12 3000
1724576737464 4.934269572792749e-12 3500
1724576776763 1.0510698214560854e-11 4000
1724576817965 1.5996145380503535e-11 4500
1724576859654 3.947685928151756e-11 5000
1724576900473 2.8470725776941208e-11 5500
1724576942781 2.4723400410264773e-11 6000
1724576982994 3.0490623914580794e-11 6500
1724577025026 3.712628815488728e-11 7000
1724577065657 3.6325189384234235e-11 7500
1724577105260 3.314281488142612e-11 8000
1724577144732 2.9065850420950667e-11 8500
1724577184399 2.4756190153407687e-11 9000
1724577224858 4.024754488018978e-11 9500
1724577265882 3.14864766204348e-11 9999
