1723815854250 26975.240234375 0
1723815955420 7.571852684020996 2500
1723816060367 7.402363300323486 5000
1723816170369 7.034078121185303 7500
1723816272192 7.101280212402344 10000
1723816374182 6.869568824768066 12500
1723816472145 6.65372896194458 15000
1723816570834 170.5729217529297 17500
1723816672894 6.384842395782471 20000
1723816771718 13.714831352233887 22500
1723816874303 10.826321601867676 25000
1723816977028 29.62160873413086 27500
1723817080865 6.557806015014648 30000
1723817184431 6.62656831741333 32500
1723817290031 6.959708213806152 35000
1723817403467 6.908652305603027 37500
1723817506001 17.51337432861328 40000
1723817605319 7.208110332489014 42500
1723817730222 7.001592636108398 45000
1723817832206 6.865840911865234 47500
1723817931800 6.698705196380615 50000
1723818026381 6.642568111419678 52500
1723818120745 9.932425498962402 55000
1723818215733 9.848401069641113 57500
1723818311404 9.927289962768555 60000
1723818424272 9.393171310424805 62500
1723818546965 4.299692153930664 65000
1723818663318 5.250455856323242 67500
1723818772686 5.65118932723999 70000
1723818876035 5.529199123382568 72500
1723818969819 5.183801174163818 75000
1723819080620 5.060110569000244 77500
1723819195035 5.570672988891602 80000
1723819291426 3.982697010040283 82500
1723819387461 2.083359479904175 85000
1723819488352 1.8585622310638428 87500
1723819592346 25363.634765625 90000
1723819698783 37.394737243652344 92500
1723819793601 11.642952919006348 95000
1723819889240 131325.5625 97500
1723819985340 3467.576171875 99999
