1723815854251 0.00015544115740340203 0
1723815955421 0.00048737169709056616 2500
1723816060368 0.0008427660213783383 5000
1723816170370 0.003361714305356145 7500
1723816272192 0.02070167101919651 10000
1723816374183 0.023532018065452576 12500
1723816472146 0.025608129799365997 15000
1723816570834 0.164962500333786 17500
1723816672894 0.1404707133769989 20000
1723816771719 0.14595861732959747 22500
1723816874304 0.011333402246236801 25000
1723816977029 0.01778125949203968 27500
1723817080866 0.012403033673763275 30000
1723817184432 0.017970573157072067 32500
1723817290032 0.011198224499821663 35000
1723817403468 0.006604459602385759 37500
1723817506001 0.00560694420710206 40000
1723817605320 0.0020395033061504364 42500
1723817730223 0.002312669763341546 45000
1723817832207 0.0022951248101890087 47500
1723817931801 0.001598449656739831 50000
1723818026382 0.0011389824794605374 52500
1723818120746 0.0014193208189681172 55000
1723818215734 0.0006377694080583751 57500
1723818311406 0.0004706235195044428 60000
1723818424272 0.0004070228314958513 62500
1723818546966 0.014419393613934517 65000
1723818663319 0.01433646958321333 67500
1723818772687 0.013840125873684883 70000
1723818876036 0.01062397938221693 72500
1723818969820 0.006301684770733118 75000
1723819080620 0.004033501259982586 77500
1723819195036 0.09452123194932938 80000
1723819291426 0.0913221463561058 82500
1723819387461 0.12098034471273422 85000
1723819488353 0.14208351075649261 87500
1723819592347 0.06670849770307541 90000
1723819698784 0.10540885478258133 92500
1723819793602 0.12907832860946655 95000
1723819889241 0.03685351833701134 97500
1723819985341 0.04202691838145256 99999
