1723815854251 1094.8021240234375 0
1723815955421 0.0035727566573768854 2500
1723816060368 0.00738749373704195 5000
1723816170369 0.008191150613129139 7500
1723816272192 0.012553567998111248 10000
1723816374183 0.01043450552970171 12500
1723816472145 0.00999743677675724 15000
1723816570834 8.46665096282959 17500
1723816672894 1548.6474609375 20000
1723816771719 698.0003051757812 22500
1723816874304 1487.3934326171875 25000
1723816977028 9461.2607421875 27500
1723817080865 883.8685913085938 30000
1723817184431 15.192157745361328 32500
1723817290031 0.09755346179008484 35000
1723817403467 0.07919958233833313 37500
1723817506001 2.874107599258423 40000
1723817605320 93305.4375 42500
1723817730222 30969.119140625 45000
1723817832207 3859.242919921875 47500
1723817931800 2.1024322509765625 50000
1723818026382 0.024635683745145798 52500
1723818120746 5595.49609375 55000
1723818215734 436.9197692871094 57500
1723818311405 6042.4599609375 60000
1723818424272 15.546042442321777 62500
1723818546966 32537.80859375 65000
1723818663319 27307.46484375 67500
1723818772687 15775.88671875 70000
1723818876035 46.67007064819336 72500
1723818969820 0.2736543118953705 75000
1723819080620 0.27252089977264404 77500
1723819195036 59755.84765625 80000
1723819291426 12584.5400390625 82500
1723819387461 4.993818759918213 85000
1723819488352 4.693357467651367 87500
1723819592347 293821.40625 90000
1723819698783 105673.25 92500
1723819793602 3303.6826171875 95000
1723819889241 33913.18359375 97500
1723819985341 11326.7294921875 99999
