1723815854247 0.0007837084122002125 0
1723815955418 1.1708458913517461e-07 2500
1723816060365 6.223640980351774e-08 5000
1723816170366 3.88186549571401e-08 7500
1723816272189 3.3997852710854204e-07 10000
1723816374180 3.0033911002647073e-07 12500
1723816472143 2.851816418569797e-07 15000
1723816570831 3.918002221325878e-06 17500
1723816672891 7.849694156902842e-06 20000
1723816771716 7.272644870681688e-05 22500
1723816874301 1.1741191883629654e-05 25000
1723816977025 2.4119966838043183e-05 27500
1723817080862 7.595790521008894e-05 30000
1723817184428 2.2942063878872432e-05 32500
1723817290027 6.854534149169922e-05 35000
1723817403464 4.0692088077776134e-05 37500
1723817505998 0.00012342279660515487 40000
1723817605316 0.0020288212690502405 42500
1723817730219 0.006995914038270712 45000
1723817832204 0.0017573564546182752 47500
1723817931798 7.102265954017639e-05 50000
1723818026379 2.1084055333631113e-05 52500
1723818120742 8.91406016307883e-05 55000
1723818215731 0.0001626405428396538 57500
1723818311401 5.067138408776373e-05 60000
1723818424269 0.0004330111260060221 62500
1723818546963 0.011074522510170937 65000
1723818663316 0.11786102503538132 67500
1723818772684 0.05869949981570244 70000
1723818876032 0.07060126960277557 72500
1723818969816 0.009385979734361172 75000
1723819080617 0.00878856610506773 77500
1723819195033 0.014937233179807663 80000
1723819291423 0.018818994984030724 82500
1723819387458 0.023356415331363678 85000
1723819488349 0.02874058671295643 87500
1723819592343 0.1573888510465622 90000
1723819698781 0.9949086308479309 92500
1723819793599 0.3707570731639862 95000
1723819889238 0.01130040641874075 97500
1723819985338 0.010392178781330585 99999
