1723815854249 7.827857494354248 0
1723815955419 0.25951385498046875 2500
1723816060366 0.25699999928474426 5000
1723816170368 0.36342495679855347 7500
1723816272191 0.5382905006408691 10000
1723816374181 0.4927981197834015 12500
1723816472144 0.5495164394378662 15000
1723816570832 0.5387212634086609 17500
1723816672892 0.41720619797706604 20000
1723816771717 0.3559397757053375 22500
1723816874302 0.38665395975112915 25000
1723816977026 0.35992231965065 27500
1723817080864 0.43040731549263 30000
1723817184430 0.41670769453048706 32500
1723817290029 0.45176395773887634 35000
1723817403466 0.4380035102367401 37500
1723817505999 0.36197301745414734 40000
1723817605318 0.2728607952594757 42500
1723817730221 0.2660624384880066 45000
1723817832205 0.2797691822052002 47500
1723817931799 0.2165524810552597 50000
1723818026380 0.18030056357383728 52500
1723818120744 0.20125934481620789 55000
1723818215732 0.09744837135076523 57500
1723818311403 0.10847675800323486 60000
1723818424271 0.04661942645907402 62500
1723818546964 0.0733821839094162 65000
1723818663317 0.18220683932304382 67500
1723818772685 0.12047877162694931 70000
1723818876034 0.10102692246437073 72500
1723818969818 0.1157536581158638 75000
1723819080618 0.15914501249790192 77500
1723819195034 0.10566413402557373 80000
1723819291424 0.2779364287853241 82500
1723819387459 0.45520853996276855 85000
1723819488350 0.42419758439064026 87500
1723819592345 1.940081238746643 90000
1723819698782 1.172996997833252 92500
1723819793600 0.7188214063644409 95000
1723819889239 0.7701594829559326 97500
1723819985339 1.0140093564987183 99999
