1723815854250 0.001568297971971333 0
1723815955420 0.00011780884233303368 2500
1723816060367 0.0008839514339342713 5000
1723816170368 0.0013956775655969977 7500
1723816272191 0.01740904338657856 10000
1723816374182 0.023006483912467957 12500
1723816472145 0.005858176853507757 15000
1723816570833 0.00894551444798708 17500
1723816672893 0.01793205738067627 20000
1723816771718 0.0018313939217478037 22500
1723816874303 0.004322974942624569 25000
1723816977027 0.010070646181702614 27500
1723817080864 0.002876091515645385 30000
1723817184430 0.004032212775200605 32500
1723817290031 0.005383804906159639 35000
1723817403466 0.004783987533301115 37500
1723817506000 0.005937709007412195 40000
1723817605319 0.0013077376643195748 42500
1723817730221 0.0016078321496024728 45000
1723817832206 0.0014054388739168644 47500
1723817931800 0.0022926738020032644 50000
1723818026381 0.0011050174944102764 52500
1723818120744 0.0007642395212315023 55000
1723818215733 0.0005660115857608616 57500
1723818311404 0.0007237876416184008 60000
1723818424271 0.000788866775110364 62500
1723818546965 0.005187833681702614 65000
1723818663318 0.002761737909168005 67500
1723818772686 0.001270617707632482 70000
1723818876035 0.0006472000386565924 72500
1723818969819 0.0007798575097694993 75000
1723819080619 0.001266819890588522 77500
1723819195035 0.001295297173783183 80000
1723819291425 0.0028835132252424955 82500
1723819387460 0.06737532466650009 85000
1723819488351 0.0418439581990242 87500
1723819592346 0.023396944627165794 90000
1723819698783 0.02364269085228443 92500
1723819793601 0.01423910167068243 95000
1723819889240 0.014298730529844761 97500
1723819985340 0.04513026773929596 99999
