1723815854249 0.004990617278963327 0
1723815955420 0.09725064784288406 2500
1723816060366 0.21028077602386475 5000
1723816170368 0.2391142100095749 7500
1723816272191 0.35741761326789856 10000
1723816374181 0.2898325026035309 12500
1723816472144 0.2827759385108948 15000
1723816570833 0.3995227813720703 17500
1723816672893 0.5445613861083984 20000
1723816771718 0.4381565749645233 22500
1723816874303 0.40843474864959717 25000
1723816977027 0.3572772443294525 27500
1723817080864 0.3791867196559906 30000
1723817184430 0.39985835552215576 32500
1723817290030 0.3591940104961395 35000
1723817403466 0.37779736518859863 37500
1723817506000 0.3584006726741791 40000
1723817605318 0.27126267552375793 42500
1723817730221 0.2378668338060379 45000
1723817832206 0.23626312613487244 47500
1723817931799 0.23250555992126465 50000
1723818026381 0.20715761184692383 52500
1723818120744 0.146562397480011 55000
1723818215732 0.11529264599084854 57500
1723818311403 0.12074394524097443 60000
1723818424271 0.06739851832389832 62500
1723818546965 0.2712050676345825 65000
1723818663318 0.2196526825428009 67500
1723818772686 0.22979752719402313 70000
1723818876034 0.12454545497894287 72500
1723818969818 0.1367717683315277 75000
1723819080619 0.180690735578537 77500
1723819195035 0.18002894520759583 80000
1723819291425 0.1595371514558792 82500
1723819387460 0.17639882862567902 85000
1723819488351 0.24504663050174713 87500
1723819592345 0.397062748670578 90000
1723819698782 0.21730028092861176 92500
1723819793600 0.08168631047010422 95000
1723819889239 0.19692595303058624 97500
1723819985340 0.17651112377643585 99999
