1723815854246 1662186496.0 0
1723815955417 2109299.0 2500
1723816060364 2081546.875 5000
1723816170365 1860709.375 7500
1723816272189 1980880.5 10000
1723816374179 1950354.25 12500
1723816472142 1897246.5 15000
1723816570830 11981081600.0 17500
1723816672890 1951456.0 20000
1723816771715 1557908.0 22500
1723816874300 1637128.0 25000
1723816977024 1525065.875 27500
1723817080861 199273.375 30000
1723817184428 34857.52734375 32500
1723817290026 1989035.0 35000
1723817403464 1918534.375 37500
1723817505997 166600179712.0 40000
1723817605316 79178.09375 42500
1723817730219 14831.869140625 45000
1723817832203 23285.34375 47500
1723817931797 162317.125 50000
1723818026378 675752.6875 52500
1723818120741 3511.490234375 55000
1723818215730 4700.357421875 57500
1723818311401 160945.96875 60000
1723818424269 555561.875 62500
1723818546962 20084.5234375 65000
1723818663315 17513.140625 67500
1723818772683 69688.4296875 70000
1723818876031 7657.052734375 72500
1723818969816 440002.125 75000
1723819080616 755499.3125 77500
1723819195032 2068201.625 80000
1723819291422 1833319.375 82500
1723819387457 1603254.0 85000
1723819488348 1466681.375 87500
1723819592342 2357797.25 90000
1723819698780 2145895.25 92500
1723819793598 2023151.25 95000
1723819889237 545348.0 97500
1723819985337 117611.703125 99999
