1723815854249 4986531328.0 0
1723815955419 6327889.5 2500
1723816060366 6244632.5 5000
1723816170367 5582120.0 7500
1723816272190 5942633.5 10000
1723816374181 5851055.0 12500
1723816472144 5691732.0 15000
1723816570832 35943243776.0 17500
1723816672892 5852811.5 20000
1723816771717 4673011.5 22500
1723816874302 4909885.0 25000
1723816977026 4565706.0 27500
1723817080863 596928.875 30000
1723817184429 104549.9296875 32500
1723817290028 5967097.0 35000
1723817403465 5755595.0 37500
1723817505999 499800539136.0 40000
1723817605317 144221.078125 42500
1723817730220 13518.9619140625 45000
1723817832205 65989.3984375 47500
1723817931798 486942.0625 50000
1723818026380 2027250.875 52500
1723818120743 4928.69140625 55000
1723818215732 13654.0810546875 57500
1723818311402 476785.25 60000
1723818424270 1666660.5 62500
1723818546964 27711.0859375 65000
1723818663317 25226.171875 67500
1723818772685 193283.3125 70000
1723818876033 22918.6484375 72500
1723818969817 1320000.625 75000
1723819080618 2266492.25 77500
1723819195034 6144843.0 80000
1723819291424 5487369.0 82500
1723819387459 4809754.0 85000
1723819488350 4400036.5 87500
1723819592345 6754204.0 90000
1723819698782 6331972.0 92500
1723819793600 6066137.0 95000
1723819889239 1470804.125 97500
1723819985339 338039.46875 99999
