1723815854248 3.271935202064924e-05 0
1723815955418 1.2232286294988626e-08 2500
1723816060365 3.206905319075304e-08 5000
1723816170367 3.356332811677021e-08 7500
1723816272190 1.146802688367643e-07 10000
1723816374180 2.3256117742675997e-07 12500
1723816472143 2.3201374688142096e-07 15000
1723816570832 3.986018555224291e-07 17500
1723816672892 7.434826693497598e-05 20000
1723816771716 7.684328738832846e-05 22500
1723816874301 0.0014946289593353868 25000
1723816977025 0.001163607812486589 27500
1723817080863 5.21382135048043e-05 30000
1723817184429 2.8783606467186473e-05 32500
1723817290028 3.985223520430736e-05 35000
1723817403465 3.6281635402701795e-05 37500
1723817505999 0.00029940149397589266 40000
1723817605317 0.0027458982076495886 42500
1723817730220 0.009329529479146004 45000
1723817832204 0.004180575255304575 47500
1723817931798 5.286758823785931e-05 50000
1723818026380 3.2902319162531057e-06 52500
1723818120743 0.0006103438790887594 55000
1723818215731 0.0089520663022995 57500
1723818311402 0.0023616841062903404 60000
1723818424270 0.008465990424156189 62500
1723818546963 0.0010050367563962936 65000
1723818663316 0.0004903053632006049 67500
1723818772685 0.0030018200632184744 70000
1723818876033 0.0043413578532636166 72500
1723818969817 0.0030115873087197542 75000
1723819080618 0.006665930151939392 77500
1723819195034 0.03792246803641319 80000
1723819291423 0.16075463593006134 82500
1723819387459 0.08136560022830963 85000
1723819488349 0.05415637791156769 87500
1723819592344 0.021565226837992668 90000
1723819698781 0.24588565528392792 92500
1723819793599 0.13329443335533142 95000
1723819889238 0.014703270047903061 97500
1723819985338 0.009037134237587452 99999
