1725257742997 25.98015594482422 0
1725257743088 25.980031967163086 1
1725257743164 25.979904174804688 2
1725257743267 25.979766845703125 3
1725257743349 25.979618072509766 4
1725257743429 25.979461669921875 5
1725257743504 25.97930145263672 6
1725257743590 25.97913360595703 7
1725257743671 25.978961944580078 8
1725257743755 25.97878074645996 9
1725257743830 25.978595733642578 10
1725257743893 25.978404998779297 11
1725257743965 25.978206634521484 12
1725257744027 25.97800064086914 13
1725257744096 25.97779083251953 14
1725257744180 25.97757339477539 15
1725257744267 25.977354049682617 16
1725257744348 25.977127075195312 17
1725257744433 25.976896286010742 18
1725257744494 25.976659774780273 19
1725257744560 25.976421356201172 20
1725257744641 25.976177215576172 21
1725257744716 25.975929260253906 22
1725257744783 25.975677490234375 23
1725257744846 25.97542381286621 24
1725257744951 25.97516441345215 25
1725257745060 25.974903106689453 26
1725257745124 25.97463607788086 27
1725257745224 25.974367141723633 28
1725257745338 25.97409439086914 29
1725257745423 25.973814010620117 30
1725257745493 25.97353172302246 31
1725257745569 25.97324562072754 32
1725257745625 25.97295379638672 33
1725257745706 25.97265625 34
1725257745793 25.972352981567383 35
1725257745878 25.9720458984375 36
1725257745953 25.971731185913086 37
1725257746014 25.971412658691406 38
1725257746088 25.971084594726562 39
1725257746173 25.970754623413086 40
1725257746235 25.970417022705078 41
1725257746306 25.970073699951172 42
1725257746392 25.969722747802734 43
1725257746463 25.969364166259766 44
