1725257742998 0.0001353349070996046 0
1725257743089 0.000134335394250229 1
1725257743165 0.0001333185937255621 2
1725257743268 0.00013231500633992255 3
1725257743350 0.00013132524327374995 4
1725257743429 0.00013035148731432855 5
1725257743504 0.00012939979205839336 6
1725257743591 0.00012847629841417074 7
1725257743671 0.0001275855756830424 8
1725257743755 0.00012673038872890174 9
1725257743831 0.0001259122946066782 10
1725257743893 0.00012513241381384432 11
1725257743966 0.00012439140118658543 12
1725257744028 0.0001236897660419345 13
1725257744097 0.00012302774121053517 14
1725257744181 0.00012240521027706563 15
1725257744268 0.00012182182399556041 16
1725257744348 0.0001212765637319535 17
1725257744433 0.00012076822167728096 18
1725257744494 0.00012029523350065574 19
1725257744560 0.00011985597666352987 20
1725257744641 0.00011944891593884677 21
1725257744716 0.00011907255975529552 22
1725257744783 0.00011872568575199693 23
1725257744847 0.00011840721708722413 24
1725257744951 0.00011811638250946999 25
1725257745060 0.00011785258539021015 26
1725257745124 0.00011761549103539437 27
1725257745224 0.00011740490299416706 28
1725257745338 0.00011722085764631629 29
1725257745423 0.00011706345685524866 30
1725257745494 0.00011693289707181975 31
1725257745569 0.00011682952754199505 32
1725257745625 0.00011675372661557049 33
1725257745706 0.00011670603271340951 34
1725257745793 0.00011668696242850274 35
1725257745878 0.00011669717787299305 36
1725257745953 0.00011673739936668426 37
1725257746014 0.00011680833995342255 38
1725257746088 0.00011691077816067263 39
1725257746173 0.00011704556527547538 40
1725257746236 0.00011721343616954982 41
1725257746306 0.00011741524212993681 42
1725257746392 0.00011765176896005869 43
1725257746464 0.0001179239188786596 44
