1725257742998 7.761685196783219e-07 0
1725257743090 7.633860832356731e-07 1
1725257743165 7.518177653764724e-07 2
1725257743268 7.408717692669597e-07 3
1725257743350 7.305367830667819e-07 4
1725257743430 7.208200827335531e-07 5
1725257743505 7.117262157407822e-07 6
1725257743592 7.032826943031978e-07 7
1725257743671 6.955300477784476e-07 8
1725257743756 6.885142624923901e-07 9
1725257743831 6.822901923442259e-07 10
1725257743894 6.76916670272476e-07 11
1725257743966 6.72451847094635e-07 12
1725257744028 6.689527936032391e-07 13
1725257744097 6.66478058519715e-07 14
1725257744181 6.650888622061757e-07 15
1725257744268 6.648501766903792e-07 16
1725257744348 6.658292477368377e-07 17
1725257744434 6.680963338112633e-07 18
1725257744495 6.717235123687715e-07 19
1725257744561 6.767852482880699e-07 20
1725257744641 6.833577117504319e-07 21
1725257744717 6.915219046277343e-07 22
1725257744783 7.01363205735106e-07 23
1725257744847 7.129718255782791e-07 24
1725257744952 7.264453643074376e-07 25
1725257745061 7.418895506816625e-07 26
1725257745125 7.594165936097852e-07 27
1725257745225 7.791479674779112e-07 28
1725257745338 8.012145826796768e-07 29
1725257745423 8.257562740254798e-07 30
1725257745494 8.529237902621389e-07 31
1725257745570 8.828782256387058e-07 32
1725257745625 9.157931799563812e-07 33
1725257745706 9.518537922303949e-07 34
1725257745793 9.912587302096654e-07 35
1725257745879 1.0342188261347474e-06 36
1725257745954 1.080960259969288e-06 37
1725257746015 1.131720864577801e-06 38
1725257746089 1.1867546163557563e-06 39
1725257746174 1.2463278835639358e-06 40
1725257746236 1.310723405367753e-06 41
1725257746307 1.3802359717374202e-06 42
1725257746392 1.455179358345049e-06 43
1725257746464 1.5358808695964399e-06 44
