1725257742996 0.00014571758219972253 0
1725257743088 0.00014474225463345647 1
1725257743164 0.00014374134480021894 2
1725257743266 0.00014275190187618136 3
1725257743348 0.00014177558477967978 4
1725257743428 0.00014081427070777863 5
1725257743503 0.0001398731692461297 6
1725257743589 0.0001389578392263502 7
1725257743670 0.00013807264622300863 8
1725257743754 0.00013722057337872684 9
1725257743830 0.00013640362885780632 10
1725257743892 0.00013562329695560038 11
1725257743965 0.00013488047989085317 12
1725257744027 0.0001341758470516652 13
1725257744096 0.00013350982044357806 14
1725257744180 0.00013288244372233748 15
1725257744267 0.00013229352771304548 16
1725257744347 0.0001317421265412122 17
1725257744432 0.0001312271342612803 18
1725257744493 0.0001307469210587442 19
1725257744559 0.0001302998571190983 20
1725257744640 0.0001298842835240066 21
1725257744715 0.0001294985122513026 22
1725257744782 0.00012914120452478528 23
1725257744845 0.00012881096336059272 24
1725257744950 0.00012850688653998077 25
1725257745059 0.00012822801363654435 26
1725257745123 0.00012797382078133523 27
1725257745223 0.00012774391507264227 28
1725257745337 0.00012753813643939793 29
1725257745422 0.00012735642667394131 30
1725257745493 0.00012719881488010287 31
1725257745568 0.00012706559209618717 32
1725257745624 0.0001269570057047531 33
1725257745705 0.00012687352136708796 34
1725257745792 0.00012681560474447906 35
1725257745877 0.00012678388156928122 36
1725257745952 0.00012677903578151017 37
1725257746013 0.00012680180952884257 38
1725257746087 0.00012685303227044642 39
1725257746172 0.00012693351891357452 40
1725257746235 0.00012704414257314056 41
1725257746305 0.00012718576181214303 42
1725257746391 0.00012735926429741085 43
1725257746463 0.00012756559590343386 44
