1725257742996 8.724599838256836 0
1725257743087 8.724480628967285 1
1725257743163 8.724359512329102 2
1725257743266 8.72422981262207 3
1725257743348 8.724092483520508 4
1725257743428 8.72395133972168 5
1725257743503 8.723806381225586 6
1725257743589 8.723655700683594 7
1725257743669 8.723501205444336 8
1725257743754 8.723342895507812 9
1725257743829 8.723177909851074 10
1725257743892 8.723010063171387 11
1725257743964 8.722837448120117 12
1725257744026 8.722661972045898 13
1725257744095 8.722482681274414 14
1725257744179 8.722297668457031 15
1725257744266 8.722110748291016 16
1725257744347 8.72192096710205 17
1725257744432 8.72172737121582 18
1725257744493 8.72153091430664 19
1725257744559 8.721331596374512 20
1725257744640 8.721128463745117 21
1725257744714 8.720924377441406 22
1725257744781 8.720717430114746 23
1725257744845 8.720508575439453 24
1725257744950 8.720295906066895 25
1725257745059 8.720081329345703 26
1725257745123 8.719863891601562 27
1725257745223 8.719642639160156 28
1725257745337 8.719419479370117 29
1725257745422 8.719193458557129 30
1725257745492 8.718963623046875 31
1725257745568 8.718730926513672 32
1725257745624 8.718494415283203 33
1725257745705 8.718254089355469 34
1725257745791 8.718011856079102 35
1725257745877 8.717763900756836 36
1725257745952 8.717512130737305 37
1725257746013 8.717255592346191 38
1725257746087 8.716995239257812 39
1725257746172 8.716732025146484 40
1725257746234 8.716463088989258 41
1725257746305 8.716190338134766 42
1725257746391 8.715911865234375 43
1725257746462 8.715630531311035 44
