1725257742997 0.8233188986778259 0
1725257743088 0.8205835819244385 1
1725257743164 0.8178509473800659 2
1725257743267 0.8151204586029053 3
1725257743349 0.8123916387557983 4
1725257743428 0.8096639513969421 5
1725257743504 0.8069369792938232 6
1725257743590 0.8042102456092834 7
1725257743670 0.8014829158782959 8
1725257743755 0.7987544536590576 9
1725257743830 0.7960242629051208 10
1725257743892 0.7932915687561035 11
1725257743965 0.7905558943748474 12
1725257744027 0.7878165245056152 13
1725257744096 0.7850726842880249 14
1725257744180 0.7823237180709839 15
1725257744267 0.7795690298080444 16
1725257744347 0.7768077254295349 17
1725257744433 0.7740390300750732 18
1725257744494 0.7712621688842773 19
1725257744559 0.7684762477874756 20
1725257744640 0.7656804919242859 21
1725257744715 0.7628739476203918 22
1725257744782 0.7600558400154114 23
1725257744846 0.7572251558303833 24
1725257744951 0.7543810606002808 25
1725257745059 0.7515226602554321 26
1725257745124 0.7486491203308105 27
1725257745223 0.7457594275474548 28
1725257745337 0.7428527474403381 29
1725257745422 0.739928126335144 30
1725257745493 0.7369848489761353 31
1725257745569 0.7340219020843506 32
1725257745624 0.7310383915901184 33
1725257745705 0.7280335426330566 34
1725257745792 0.7250063419342041 35
1725257745878 0.7219561338424683 36
1725257745953 0.7188818454742432 37
1725257746014 0.7157827615737915 38
1725257746088 0.7126579284667969 39
1725257746173 0.709506630897522 40
1725257746235 0.7063279151916504 41
1725257746306 0.7031209468841553 42
1725257746391 0.6998850107192993 43
1725257746463 0.6966191530227661 44
