1725257742995 6.462985766120255e-06 0
1725257743086 6.34097887086682e-06 1
1725257743162 6.22268316874397e-06 2
1725257743265 6.105339707573876e-06 3
1725257743347 5.989137207507156e-06 4
1725257743427 5.874099770153407e-06 5
1725257743502 5.760105523222592e-06 6
1725257743588 5.647219495585887e-06 7
1725257743669 5.5356040320475586e-06 8
1725257743753 5.425388280855259e-06 9
1725257743828 5.316650913300691e-06 10
1725257743891 5.209452865528874e-06 11
1725257743964 5.103859621158335e-06 12
1725257744025 4.999952579964884e-06 13
1725257744094 4.897808139503468e-06 14
1725257744178 4.797485871677054e-06 15
1725257744265 4.699027158494573e-06 16
1725257744346 4.6024492803553585e-06 17
1725257744431 4.507752692006761e-06 18
1725257744492 4.414919203554746e-06 19
1725257744558 4.323926077631768e-06 20
1725257744639 4.2347492126282305e-06 21
1725257744714 4.147359504713677e-06 22
1725257744781 4.061741947225528e-06 23
1725257744844 3.977888354711467e-06 24
1725257744949 3.895797362929443e-06 25
1725257745058 3.8154803405632265e-06 26
1725257745122 3.7369527490227483e-06 27
1725257745222 3.6602377804229036e-06 28
1725257745336 3.5853627196047455e-06 29
1725257745421 3.5123548514093272e-06 30
1725257745491 3.441241915425053e-06 31
1725257745567 3.3720466490194667e-06 32
1725257745623 3.30479542753892e-06 33
1725257745704 3.2395025755249662e-06 34
1725257745791 3.1761842365085613e-06 35
1725257745876 3.1148470043262932e-06 36
1725257745951 3.0554961085726973e-06 37
1725257746012 2.99812973025837e-06 38
1725257746086 2.942740138678346e-06 39
1725257746171 2.889318921006634e-06 40
1725257746234 2.8378535716910847e-06 41
1725257746304 2.7883238544745836e-06 42
1725257746390 2.7407143079472007e-06 43
1725257746462 2.695002876862418e-06 44
