1725257742994 1.5311409242713125e-06 0
1725257743085 1.4862993111819378e-06 1
1725257743162 1.4425799008677131e-06 2
1725257743264 1.3994933851790847e-06 3
1725257743347 1.356699840471265e-06 4
1725257743426 1.3143699106876738e-06 5
1725257743501 1.272932195206522e-06 6
1725257743587 1.2326734122325433e-06 7
1725257743668 1.1937024737562751e-06 8
1725257743753 1.1560362054297002e-06 9
1725257743828 1.1196607374586165e-06 10
1725257743891 1.0845419637917075e-06 11
1725257743963 1.050638388733205e-06 12
1725257744025 1.0179056744163972e-06 13
1725257744094 9.862949355010642e-07 14
1725257744178 9.557531939208275e-07 15
1725257744265 9.26229859032901e-07 16
1725257744345 8.976765002444154e-07 17
1725257744431 8.700499165570363e-07 18
1725257744491 8.433145808339759e-07 19
1725257744557 8.174397407856304e-07 20
1725257744638 7.923997600300936e-07 21
1725257744713 7.681734928155493e-07 22
1725257744780 7.4474883149378e-07 23
1725257744844 7.221157147796475e-07 24
1725257744949 7.00275677445461e-07 25
1725257745058 6.792309363845561e-07 26
1725257745122 6.589897338926676e-07 27
1725257745222 6.39562017568096e-07 28
1725257745335 6.209602361195721e-07 29
1725257745420 6.031969519426639e-07 30
1725257745491 5.862870011696941e-07 31
1725257745567 5.702457315237552e-07 32
1725257745623 5.550881496674265e-07 33
1725257745703 5.408302286014077e-07 34
1725257745790 5.274886234474252e-07 35
1725257745876 5.150806146048126e-07 36
1725257745951 5.036241645939299e-07 37
1725257746012 4.931384864903521e-07 38
1725257746086 4.836433618038427e-07 39
1725257746171 4.751612436848518e-07 40
1725257746233 4.677148126575048e-07 41
1725257746304 4.613294493083231e-07 42
1725257746390 4.5603169951391465e-07 43
1725257746461 4.5185024077909475e-07 44
