1725257742995 5051879.0 0
1725257743087 5039802.0 1
1725257743163 5027714.5 2
1725257743265 5015613.0 3
1725257743348 5003497.5 4
1725257743427 4991363.5 5
1725257743502 4979209.0 6
1725257743588 4967031.5 7
1725257743669 4954826.5 8
1725257743754 4942591.5 9
1725257743829 4930322.5 10
1725257743891 4918016.5 11
1725257743964 4905671.0 12
1725257744026 4893282.0 13
1725257744095 4880846.0 14
1725257744179 4868360.0 15
1725257744266 4855819.0 16
1725257744346 4843219.5 17
1725257744432 4830558.0 18
1725257744492 4817829.0 19
1725257744558 4805029.0 20
1725257744639 4792153.0 21
1725257744714 4779196.5 22
1725257744781 4766154.0 23
1725257744845 4753022.5 24
1725257744949 4739796.0 25
1725257745058 4726469.0 26
1725257745123 4713038.0 27
1725257745222 4699497.0 28
1725257745336 4685842.0 29
1725257745421 4672066.5 30
1725257745492 4658167.0 31
1725257745567 4644137.5 32
1725257745623 4629973.0 33
1725257745704 4615670.0 34
1725257745791 4601221.0 35
1725257745877 4586623.0 36
1725257745951 4571870.0 37
1725257746012 4556956.5 38
1725257746086 4541878.0 39
1725257746172 4526629.0 40
1725257746234 4511204.0 41
1725257746305 4495599.0 42
1725257746390 4479808.0 43
1725257746462 4463825.0 44
