1725257742994 5051914.5 0
1725257743085 5039837.5 1
1725257743161 5027750.0 2
1725257743263 5015648.5 3
1725257743346 5003533.0 4
1725257743425 4991399.0 5
1725257743501 4979244.5 6
1725257743586 4967067.0 7
1725257743668 4954862.0 8
1725257743752 4942627.0 9
1725257743827 4930358.0 10
1725257743890 4918052.0 11
1725257743963 4905706.5 12
1725257744024 4893317.5 13
1725257744094 4880881.5 14
1725257744177 4868395.5 15
1725257744264 4855854.5 16
1725257744345 4843255.0 17
1725257744430 4830593.5 18
1725257744491 4817864.5 19
1725257744557 4805064.5 20
1725257744638 4792188.5 21
1725257744713 4779232.0 22
1725257744780 4766189.5 23
1725257744843 4753058.0 24
1725257744948 4739831.5 25
1725257745057 4726504.5 26
1725257745121 4713073.0 27
1725257745221 4699532.0 28
1725257745335 4685877.0 29
1725257745420 4672101.5 30
1725257745490 4658202.0 31
1725257745566 4644172.5 32
1725257745622 4630008.0 33
1725257745703 4615705.0 34
1725257745790 4601256.0 35
1725257745875 4586658.0 36
1725257745950 4571905.0 37
1725257746011 4556991.5 38
1725257746085 4541913.0 39
1725257746170 4526664.0 40
1725257746233 4511239.0 41
1725257746303 4495634.0 42
1725257746389 4479843.0 43
1725257746461 4463860.0 44
1725257746537 4447682.0 45
