1723825410633 13.234450340270996 0
1723825530193 17.83619499206543 2500
1723825651336 15.747828483581543 5000
1723825771134 18.445667266845703 7500
1723825891857 22.32589340209961 10000
1723826011321 24.88111686706543 12500
1723826130616 26.163421630859375 15000
1723826254080 26.515316009521484 17500
1723826378920 26.47357177734375 20000
1723826504081 26.7194766998291 22500
1723826633103 26.302978515625 25000
1723826763798 25.225610733032227 27500
1723826900587 23.475648880004883 30000
1723827034955 21.01600456237793 32500
1723827168605 18.327892303466797 35000
1723827304987 15.738997459411621 37500
1723827442417 13.393016815185547 40000
1723827574409 11.380294799804688 42500
1723827701498 9.655377388000488 45000
1723827840749 8.161676406860352 47500
1723827967603 6.924473762512207 50000
1723828097399 5.926962852478027 52500
1723828249884 5.220026969909668 55000
1723828383502 4.641519546508789 57500
1723828525596 4.097678184509277 60000
1723828655310 3.568403959274292 62500
1723828781762 3.126572847366333 65000
1723828910467 2.7736620903015137 67500
1723829038937 2.4870946407318115 70000
1723829156773 0.00020021945238113403 72500
1723829274005 0.00020021945238113403 75000
1723829392656 0.00020021945238113403 77500
1723829510217 0.00020021945238113403 80000
1723829629948 0.00020021945238113403 82500
1723829745789 0.00020021945238113403 85000
1723829860524 0.00020021945238113403 87500
1723829977191 0.00020021945238113403 90000
1723830094558 0.00020021945238113403 92500
1723830210411 0.00020021945238113403 95000
1723830328495 0.00020021945238113403 97500
1723830445531 0.00020021945238113403 99999
