1723825410633 0.24460650980472565 0
1723825530193 17.332468032836914 2500
1723825651336 19.71662712097168 5000
1723825771134 23.09225082397461 7500
1723825891857 26.36223793029785 10000
1723826011322 29.80694580078125 12500
1723826130617 32.011024475097656 15000
1723826254080 33.00966262817383 17500
1723826378920 33.070274353027344 20000
1723826504081 33.0353889465332 22500
1723826633103 31.737028121948242 25000
1723826763798 29.663394927978516 27500
1723826900588 27.16954803466797 30000
1723827034955 23.80046272277832 32500
1723827168605 19.804445266723633 35000
1723827304988 15.72646713256836 37500
1723827442417 11.89244556427002 40000
1723827574409 8.571877479553223 42500
1723827701499 5.713675498962402 45000
1723827840750 3.427288055419922 47500
1723827967603 1.9583683013916016 50000
1723828097400 1.1326544284820557 52500
1723828249885 0.7230848670005798 55000
1723828383503 0.45527368783950806 57500
1723828525596 0.26467663049697876 60000
1723828655311 0.13876810669898987 62500
1723828781763 0.07614827901124954 65000
1723828910468 0.05835723876953125 67500
1723829038937 0.06134108081459999 70000
1723829156774 0.00020021945238113403 72500
1723829274005 0.00020021945238113403 75000
1723829392656 0.00020021945238113403 77500
1723829510217 0.00020021945238113403 80000
1723829629949 0.00020021945238113403 82500
1723829745790 0.00020021945238113403 85000
1723829860524 0.00020021945238113403 87500
1723829977192 0.00020021945238113403 90000
1723830094558 0.00020021945238113403 92500
1723830210412 0.00020021945238113403 95000
1723830328495 0.00020021945238113403 97500
1723830445531 0.00020021945238113403 99999
