1723825410634 21.984960556030273 0
1723825530193 34.70848083496094 2500
1723825651336 23.711816787719727 5000
1723825771134 27.477697372436523 7500
1723825891857 20.9792423248291 10000
1723826011322 15.83364486694336 12500
1723826130617 10.465102195739746 15000
1723826254081 6.155518531799316 17500
1723826378921 3.6577441692352295 20000
1723826504081 2.2246954441070557 22500
1723826633103 1.2119154930114746 25000
1723826763799 0.5727681517601013 27500
1723826900588 0.3140450119972229 30000
1723827034956 0.20330119132995605 32500
1723827168606 0.14329583942890167 35000
1723827304988 0.09696555882692337 37500
1723827442417 0.06090789660811424 40000
1723827574409 0.03846677765250206 42500
1723827701499 0.024910977110266685 45000
1723827840750 0.013574546203017235 47500
1723827967603 0.006812257692217827 50000
1723828097400 0.0038968967273831367 52500
1723828249885 0.002450614469125867 55000
1723828383503 0.001277470262721181 57500
1723828525597 0.0008281717891804874 60000
1723828655311 0.000539351487532258 62500
1723828781763 0.0003405184834264219 65000
1723828910468 0.00024529697839170694 67500
1723829038938 0.00020021988893859088 70000
1723829156774 0.00020021945238113403 72500
1723829274006 0.00020021945238113403 75000
1723829392657 0.00020021945238113403 77500
1723829510218 0.00020021945238113403 80000
1723829629950 0.00020021945238113403 82500
1723829745790 0.00020021945238113403 85000
1723829860525 0.00020021945238113403 87500
1723829977192 0.00020021945238113403 90000
1723830094559 0.00020021945238113403 92500
1723830210412 0.00020021945238113403 95000
1723830328496 0.00020021945238113403 97500
1723830445532 0.00020021945238113403 99999
