1723825410630 217.39918518066406 0
1723825530190 1345.26611328125 2500
1723825651333 914.11181640625 5000
1723825771131 2025.0067138671875 7500
1723825891854 1240.0400390625 10000
1723826011319 702.5111694335938 12500
1723826130614 345.1667175292969 15000
1723826254077 148.28761291503906 17500
1723826378918 61.059505462646484 20000
1723826504078 26.979324340820312 22500
1723826633100 13.48532485961914 25000
1723826763795 7.296460151672363 27500
1723826900585 3.992248058319092 30000
1723827034952 1.9202842712402344 32500
1723827168602 0.9219215512275696 35000
1723827304985 0.412985235452652 37500
1723827442414 0.21928472816944122 40000
1723827574406 0.12891288101673126 42500
1723827701496 0.07833541184663773 45000
1723827840747 0.047981858253479004 47500
1723827967600 0.032305315136909485 50000
1723828097397 0.020096324384212494 52500
1723828249882 0.012236126698553562 55000
1723828383499 0.007929240353405476 57500
1723828525593 0.006164263933897018 60000
1723828655308 0.00603999849408865 62500
1723828781760 0.00579382199794054 65000
1723828910465 0.004917198792099953 67500
1723829038935 0.0038095181807875633 70000
1723829156769 0.00020021945238113403 72500
1723829274001 0.00020021945238113403 75000
1723829392652 0.00020021945238113403 77500
1723829510213 0.00020021945238113403 80000
1723829629945 0.00020021945238113403 82500
1723829745786 0.00020021945238113403 85000
1723829860520 0.00020021945238113403 87500
1723829977187 0.00020021945238113403 90000
1723830094554 0.00020021945238113403 92500
1723830210408 0.00020021945238113403 95000
1723830328490 0.00020021945238113403 97500
1723830445527 0.00020021945238113403 99999
