1723825410633 1.4953376054763794 0
1723825530192 15.238621711730957 2500
1723825651335 31.385879516601562 5000
1723825771133 66.95980834960938 7500
1723825891856 48.153690338134766 10000
1723826011321 41.43070983886719 12500
1723826130616 39.82875061035156 15000
1723826254079 39.82206726074219 17500
1723826378920 40.1384162902832 20000
1723826504080 39.8401985168457 22500
1723826633102 39.67864227294922 25000
1723826763798 39.47441101074219 27500
1723826900587 39.47917556762695 30000
1723827034954 39.1591911315918 32500
1723827168605 39.32379913330078 35000
1723827304987 39.137203216552734 37500
1723827442416 39.18643569946289 40000
1723827574408 39.1304817199707 42500
1723827701498 39.090885162353516 45000
1723827840749 39.195648193359375 47500
1723827967602 39.1128044128418 50000
1723828097399 39.07699203491211 52500
1723828249884 39.13747024536133 55000
1723828383502 39.1190299987793 57500
1723828525595 39.0982551574707 60000
1723828655310 39.007049560546875 62500
1723828781762 39.064231872558594 65000
1723828910467 39.109344482421875 67500
1723829038936 39.109405517578125 70000
1723829156773 0.00020021945238113403 72500
1723829274004 0.00020021945238113403 75000
1723829392655 0.00020021945238113403 77500
1723829510216 0.00020021945238113403 80000
1723829629948 0.00020021945238113403 82500
1723829745789 0.00020021945238113403 85000
1723829860523 0.00020021945238113403 87500
1723829977191 0.00020021945238113403 90000
1723830094557 0.00020021945238113403 92500
1723830210411 0.00020021945238113403 95000
1723830328494 0.00020021945238113403 97500
1723830445530 0.00020021945238113403 99999
