1723825410632 8.760634422302246 0
1723825530191 6.146694183349609 2500
1723825651334 3.7645342350006104 5000
1723825771132 6.2575297355651855 7500
1723825891856 7.165823936462402 10000
1723826011320 7.597462177276611 12500
1723826130615 8.006317138671875 15000
1723826254079 8.648114204406738 17500
1723826378919 8.92336654663086 20000
1723826504080 8.75797176361084 22500
1723826633101 8.68730640411377 25000
1723826763797 8.898669242858887 27500
1723826900586 8.77578067779541 30000
1723827034953 8.12968921661377 32500
1723827168604 7.1545796394348145 35000
1723827304986 6.083712577819824 37500
1723827442416 5.070546627044678 40000
1723827574408 4.146517753601074 42500
1723827701497 3.307023286819458 45000
1723827840748 2.5196526050567627 47500
1723827967601 1.8840409517288208 50000
1723828097398 1.4610607624053955 52500
1723828249883 1.1793360710144043 55000
1723828383501 0.9666559100151062 57500
1723828525595 0.7651140689849854 60000
1723828655309 0.5971251726150513 62500
1723828781761 0.47120970487594604 65000
1723828910466 0.37360334396362305 67500
1723829038936 0.3001525402069092 70000
1723829156771 0.00020021945238113403 72500
1723829274003 0.00020021945238113403 75000
1723829392654 0.00020021945238113403 77500
1723829510215 0.00020021945238113403 80000
1723829629947 0.00020021945238113403 82500
1723829745788 0.00020021945238113403 85000
1723829860522 0.00020021945238113403 87500
1723829977189 0.00020021945238113403 90000
1723830094556 0.00020021945238113403 92500
1723830210409 0.00020021945238113403 95000
1723830328493 0.00020021945238113403 97500
1723830445529 0.00020021945238113403 99999
