1723825410632 0.06006874144077301 0
1723825530192 11.31046199798584 2500
1723825651335 11.803153991699219 5000
1723825771133 14.094381332397461 7500
1723825891856 11.689932823181152 10000
1723826011321 11.7888822555542 12500
1723826130616 12.602603912353516 15000
1723826254079 14.007954597473145 17500
1723826378919 14.788887023925781 20000
1723826504080 14.544302940368652 22500
1723826633102 14.131799697875977 25000
1723826763797 14.079858779907227 27500
1723826900587 13.65943717956543 30000
1723827034954 12.44572639465332 32500
1723827168604 10.550994873046875 35000
1723827304987 8.343838691711426 37500
1723827442416 6.271736145019531 40000
1723827574408 4.461152076721191 42500
1723827701497 2.9291656017303467 45000
1723827840749 1.6814571619033813 47500
1723827967602 0.8817423582077026 50000
1723828097399 0.502277135848999 52500
1723828249884 0.32839253544807434 55000
1723828383501 0.20645441114902496 57500
1723828525595 0.11660636961460114 60000
1723828655310 0.06768979132175446 62500
1723828781762 0.05146438628435135 65000
1723828910467 0.051609933376312256 67500
1723829038936 0.06078046187758446 70000
1723829156772 0.00020021945238113403 72500
1723829274004 0.00020021945238113403 75000
1723829392654 0.00020021945238113403 77500
1723829510216 0.00020021945238113403 80000
1723829629947 0.00020021945238113403 82500
1723829745788 0.00020021945238113403 85000
1723829860522 0.00020021945238113403 87500
1723829977190 0.00020021945238113403 90000
1723830094557 0.00020021945238113403 92500
1723830210410 0.00020021945238113403 95000
1723830328493 0.00020021945238113403 97500
1723830445529 0.00020021945238113403 99999
