1723825410630 10987115520.0 0
1723825530190 10091390.0 2500
1723825651332 4523469.0 5000
1723825771131 8979033.0 7500
1723825891854 1180455.875 10000
1723826011318 565860.5 12500
1723826130613 138929.328125 15000
1723826254077 47314.51171875 17500
1723826378917 20142.32421875 20000
1723826504078 6625.5859375 22500
1723826633099 2414.5673828125 25000
1723826763794 1218.7808837890625 27500
1723826900584 765.1964721679688 30000
1723827034951 711.4898681640625 32500
1723827168602 334.3050231933594 35000
1723827304984 217.8284912109375 37500
1723827442414 75.20240783691406 40000
1723827574406 95.95394897460938 42500
1723827701495 84.81710815429688 45000
1723827840746 95.67098999023438 47500
1723827967599 24.98374366760254 50000
1723828097396 29.111358642578125 52500
1723828249882 40.20097351074219 55000
1723828383498 27.839702606201172 57500
1723828525592 19.58877182006836 60000
1723828655307 57.80867385864258 62500
1723828781759 15.444473266601562 65000
1723828910464 29.04803466796875 67500
1723829038934 30.13418960571289 70000
1723829156769 0.00020021945238113403 72500
1723829274000 0.00020021945238113403 75000
1723829392651 0.00020021945238113403 77500
1723829510213 0.00020021945238113403 80000
1723829629944 0.00020021945238113403 82500
1723829745785 0.00020021945238113403 85000
1723829860519 0.00020021945238113403 87500
1723829977186 0.00020021945238113403 90000
1723830094553 0.00020021945238113403 92500
1723830210407 0.00020021945238113403 95000
1723830328489 0.00020021945238113403 97500
1723830445526 0.00020021945238113403 99999
