1723825410631 32961345536.0 0
1723825530191 30272552.0 2500
1723825651334 13569177.0 5000
1723825771132 26934384.0 7500
1723825891855 3539528.75 10000
1723826011320 1696253.125 12500
1723826130615 415874.28125 15000
1723826254078 141272.875 17500
1723826378918 59888.33984375 20000
1723826504079 19405.0390625 22500
1723826633101 6829.43212890625 25000
1723826763796 3312.854736328125 27500
1723826900586 2015.934814453125 30000
1723827034953 1914.758056640625 32500
1723827168603 831.1885375976562 35000
1723827304986 520.7351684570312 37500
1723827442415 120.51170349121094 40000
1723827574407 202.7015838623047 42500
1723827701497 183.94639587402344 45000
1723827840748 226.9225311279297 47500
1723827967601 21.91301155090332 50000
1723828097398 38.44105529785156 52500
1723828249883 73.7452621459961 55000
1723828383500 38.01313781738281 57500
1723828525594 14.361608505249023 60000
1723828655309 130.0110626220703 62500
1723828781761 3.5228826999664307 65000
1723828910466 44.76478576660156 67500
1723829038935 48.3759651184082 70000
1723829156771 0.00020021945238113403 72500
1723829274003 0.00020021945238113403 75000
1723829392653 0.00020021945238113403 77500
1723829510215 0.00020021945238113403 80000
1723829629946 0.00020021945238113403 82500
1723829745787 0.00020021945238113403 85000
1723829860521 0.00020021945238113403 87500
1723829977189 0.00020021945238113403 90000
1723830094556 0.00020021945238113403 92500
1723830210409 0.00020021945238113403 95000
1723830328492 0.00020021945238113403 97500
1723830445528 0.00020021945238113403 99999
