1723825410631 0.7105768322944641 0
1723825530191 171.56459045410156 2500
1723825651333 209.4613800048828 5000
1723825771132 533.7071533203125 7500
1723825891855 461.71612548828125 10000
1723826011319 494.59423828125 12500
1723826130614 439.4491882324219 15000
1723826254078 394.2064208984375 17500
1723826378918 350.52239990234375 20000
1723826504079 319.6184997558594 22500
1723826633100 279.0345764160156 25000
1723826763796 218.2766571044922 27500
1723826900585 162.7888641357422 30000
1723827034952 113.03678131103516 32500
1723827168603 75.49958801269531 35000
1723827304985 47.210121154785156 37500
1723827442415 29.001142501831055 40000
1723827574407 17.302562713623047 42500
1723827701496 9.705534934997559 45000
1723827840747 5.0431599617004395 47500
1723827967601 2.2376697063446045 50000
1723828097397 0.7690793871879578 52500
1723828249883 0.25465497374534607 55000
1723828383500 0.10782884806394577 57500
1723828525594 0.0553772933781147 60000
1723828655308 0.029322395101189613 62500
1723828781760 0.014773501083254814 65000
1723828910465 0.007576824631541967 67500
1723829038935 0.003817840712144971 70000
1723829156770 0.00020021945238113403 72500
1723829274002 0.00020021945238113403 75000
1723829392653 0.00020021945238113403 77500
1723829510214 0.00020021945238113403 80000
1723829629945 0.00020021945238113403 82500
1723829745786 0.00020021945238113403 85000
1723829860521 0.00020021945238113403 87500
1723829977188 0.00020021945238113403 90000
1723830094555 0.00020021945238113403 92500
1723830210408 0.00020021945238113403 95000
1723830328491 0.00020021945238113403 97500
1723830445528 0.00020021945238113403 99999
