1724563174716 13.311689376831055 0
1724563218223 11.667131423950195 500
1724563263275 10.345190048217773 1000
1724563305195 9.276679039001465 1500
1724563354181 8.426653861999512 2000
1724563398097 7.769144058227539 2500
1724563442888 7.278970718383789 3000
1724563492718 6.932464599609375 3500
1724563541118 6.705596923828125 4000
1724563584183 6.562988758087158 4500
1724563625583 6.084349155426025 5000
1724563666586 4.493649482727051 5500
1724563709565 1.71072256565094 6000
1724563753750 0.5634293556213379 6500
1724563795763 0.33582741022109985 7000
1724563835560 0.3320854902267456 7500
1724563878930 0.2965421676635742 8000
1724563923615 0.2574687898159027 8500
1724563966373 0.3164897561073303 9000
1724564010829 0.28987595438957214 9500
1724564055312 0.22768892347812653 9999
