1724563174717 4.159316002727564e-09 0
1724563218223 4.679193210677113e-08 500
1724563263276 5.1222071029144445e-09 1000
1724563305196 1.595631959894206e-09 1500
1724563354182 8.47753200972079e-10 2000
1724563398098 3.879120913374834e-10 2500
1724563442889 1.6172159444938217e-10 3000
1724563492719 7.867807794159631e-11 3500
1724563541119 6.182157563650037e-11 4000
1724563584184 6.922093453987088e-11 4500
1724563625584 4.2561287827425076e-10 5000
1724563666587 6.099384108892991e-09 5500
1724563709566 1.69326082044563e-08 6000
1724563753751 1.6001939773246932e-09 6500
1724563795764 8.676816487529493e-10 7000
1724563835561 1.4190185693152557e-09 7500
1724563878931 1.8381210997731046e-09 8000
1724563923615 1.8666388434951386e-09 8500
1724563966374 2.1030412966638323e-09 9000
1724564010830 1.4950860549589606e-09 9500
1724564055313 2.401250975836433e-09 9999
