1724563174716 0.007617139723151922 0
1724563218223 1.4497147482472883e-08 500
1724563263275 1.4618882993033822e-08 1000
1724563305195 1.4461686070887936e-08 1500
1724563354182 1.4226214872792298e-08 2000
1724563398098 1.4053457064733266e-08 2500
1724563442888 1.4093527234138037e-08 3000
1724563492718 1.4755298316515564e-08 3500
1724563541119 1.771527813332341e-08 4000
1724563584183 3.730559328118943e-08 4500
1724563625584 6.249737907637609e-06 5000
1724563666587 0.0006676431512460113 5500
1724563709565 0.002616006648167968 6000
1724563753750 0.000327039510011673 6500
1724563795764 5.270535621093586e-05 7000
1724563835560 8.20603672764264e-05 7500
1724563878931 7.259076664922759e-05 8000
1724563923615 8.617086859885603e-05 8500
1724563966374 0.00023375984164886177 9000
1724564010830 0.0001961233647307381 9500
1724564055312 0.00010842628398677334 9999
