1724563174713 1.9694650915462906e-17 0
1724563218220 1.245332720646098e-16 500
1724563263272 4.472605012045827e-16 1000
1724563305192 1.0829584104815799e-15 1500
1724563354178 2.190859400160957e-15 2000
1724563398094 4.131701779346757e-15 2500
1724563442879 7.933951787924848e-15 3000
1724563492715 1.6098528624530414e-14 3500
1724563541115 3.794654071216999e-14 4000
1724563584180 1.4340689280609858e-13 4500
1724563625581 9.340257733914115e-12 5000
1724563666583 4.511375994997735e-10 5500
1724563709561 1.0164688646341347e-08 6000
1724563753747 5.5448956537418326e-09 6500
1724563795761 4.04769728845622e-09 7000
1724563835557 1.3026123291126623e-08 7500
1724563878927 7.722964490142203e-09 8000
1724563923612 1.259734982994587e-08 8500
1724563966370 1.4140961290820542e-08 9000
1724564010826 1.714079544967717e-08 9500
1724564055309 3.023375683142149e-08 9999
