1724563174714 9.020501136779785 0
1724563218221 7.376082420349121 500
1724563263273 6.054183006286621 1000
1724563305193 4.985761642456055 1500
1724563354180 4.135927200317383 2000
1724563398095 3.478764772415161 2500
1724563442886 2.9891932010650635 3000
1724563492717 2.6437549591064453 3500
1724563541117 2.4190309047698975 4000
1724563584181 2.2830002307891846 4500
1724563625582 1.9769538640975952 5000
1724563666585 1.1566632986068726 5500
1724563709563 0.09563320130109787 6000
1724563753748 0.08367281407117844 6500
1724563795762 0.16791243851184845 7000
1724563835558 0.14417175948619843 7500
1724563878929 0.14477938413619995 8000
1724563923613 0.15475209057331085 8500
1724563966372 0.10629750788211823 9000
1724564010828 0.1118784174323082 9500
1724564055310 0.14566238224506378 9999
