1724563174716 0.007631623651832342 0
1724563218222 3.7274851365509676e-06 500
1724563263274 3.905834091710858e-06 1000
1724563305194 3.97856183553813e-06 1500
1724563354181 3.9927635953063145e-06 2000
1724563398097 3.993101927335374e-06 2500
1724563442887 3.99360760638956e-06 3000
1724563492718 3.994443432020489e-06 3500
1724563541118 3.994839516963111e-06 4000
1724563584182 3.994174221588764e-06 4500
1724563625583 3.975003437517444e-06 5000
1724563666586 3.9352271414827555e-06 5500
1724563709564 3.7094464460096788e-06 6000
1724563753749 3.8006430713721784e-06 6500
1724563795763 3.947031473217066e-06 7000
1724563835559 3.7272377539920853e-06 7500
1724563878930 3.928415935661178e-06 8000
1724563923614 3.7924280604784144e-06 8500
1724563966373 3.6039564292877913e-06 9000
1724564010829 3.5636592201626627e-06 9500
1724564055311 3.1143213163886685e-06 9999
