1724563174715 0.007621247787028551 0
1724563218222 1.0301699937542708e-08 500
1724563263274 1.0148178297697541e-08 1000
1724563305194 9.911613751967252e-09 1500
1724563354180 9.661589750464827e-09 2000
1724563398096 9.504036668772642e-09 2500
1724563442887 9.558994484848427e-09 3000
1724563492717 1.021881868012997e-08 3500
1724563541117 1.3002924958982476e-08 4000
1724563584182 3.183859575983661e-08 4500
1724563625582 7.812863259459846e-06 5000
1724563666585 0.0005971678183414042 5500
1724563709564 0.002196826972067356 6000
1724563753749 0.0002075743832392618 6500
1724563795762 0.00012428167974576354 7000
1724563835559 0.0001653961808187887 7500
1724563878929 0.00021674403978977352 8000
1724563923614 0.0002453502675052732 8500
1724563966372 0.0002781313087325543 9000
1724564010828 0.0002744938828982413 9500
1724564055311 0.00025053450372070074 9999
