1724563174712 33025.7421875 0
1724563218219 6.376720428466797 500
1724563263271 5.470206260681152 1000
1724563305191 4.7547712326049805 1500
1724563354178 4.187790393829346 2000
1724563398093 3.7494335174560547 2500
1724563442878 3.4227890968322754 3000
1724563492714 3.192117214202881 3500
1724563541113 3.041579484939575 4000
1724563584179 2.948702335357666 4500
1724563625580 2.687962770462036 5000
1724563666582 1.8870270252227783 5500
1724563709561 0.6515442132949829 6000
1724563753746 0.23428238928318024 6500
1724563795759 0.16989971697330475 7000
1724563835556 0.20567598938941956 7500
1724563878927 0.15026473999023438 8000
1724563923611 0.1695723980665207 8500
1724563966369 0.212682843208313 9000
1724564010825 0.23428571224212646 9500
1724564055308 0.7899347543716431 9999
