1724563174714 99054.8671875 0
1724563218221 0.08694347739219666 500
1724563263273 0.011241300031542778 1000
1724563305193 0.0018684851238504052 1500
1724563354179 0.0007863759528845549 2000
1724563398095 0.0003876840928569436 2500
1724563442886 0.00019940333731938154 3000
1724563492716 0.0001275939284823835 3500
1724563541116 0.00010632201156113297 4000
1724563584181 0.00011363264638930559 4500
1724563625582 0.002566627459600568 5000
1724563666584 0.00949951820075512 5500
1724563709563 0.14346016943454742 6000
1724563753748 0.0552065409719944 6500
1724563795761 0.00577835738658905 7000
1724563835558 0.14051951467990875 7500
1724563878929 0.009179394692182541 8000
1724563923613 0.09616096317768097 8500
1724563966371 0.21474573016166687 9000
1724564010827 0.30062851309776306 9500
1724564055310 1.9960907697677612 9999
