1724563174713 6.862545133368584e-17 0
1724563218220 8.34391509912122e-17 500
1724563263273 8.580218762559448e-17 1000
1724563305192 8.581354977848851e-17 1500
1724563354179 8.428047308351743e-17 2000
1724563398094 8.132781549106244e-17 2500
1724563442885 7.763312394958819e-17 3000
1724563492716 7.535749052745071e-17 3500
1724563541115 8.021210104596112e-17 4000
1724563584180 1.275360700370753e-16 4500
1724563625581 1.142736977228576e-14 5000
1724563666584 1.1599166722595089e-12 5500
1724563709562 2.6386618584561816e-11 6000
1724563753748 1.2677612432065999e-11 6500
1724563795761 6.759087213537018e-12 7000
1724563835557 2.5200791106683162e-11 7500
1724563878928 6.360018848378113e-12 8000
1724563923612 1.1059548242486894e-11 8500
1724563966370 7.249570301709474e-12 9000
1724564010827 1.1372618125005118e-11 9500
1724564055309 4.4546009242418805e-11 9999
