1724579917064 1.3980440598970745e-05 0
1724580201684 3.59195553301106e-08 5000
1724580474595 4.564909339421774e-09 10000
1724580750115 1.4941545778413001e-09 15000
1724581036091 4.924392560390345e-10 20000
1724581318049 5.761037202844932e-10 25000
1724581630473 5.196910679572397e-10 30000
1724581909484 5.9650900885444e-10 35000
1724582187370 6.913421501941741e-10 40000
1724582461723 1.0792190474617769e-09 45000
1724582749084 1.1449666770246836e-09 50000
1724583072356 7.132002766141454e-10 55000
1724583362396 8.593714073690251e-10 60000
1724583628351 7.272428215188143e-10 65000
1724583891577 5.573539962888674e-10 70000
1724584152460 5.170848749180834e-10 75000
1724584413908 3.938152581817178e-10 80000
1724584675961 3.06021236129439e-10 85000
1724584936324 2.240858054669559e-10 90000
1724585203035 1.8298329518273704e-10 95000
1724585477071 2.039444862989015e-10 99999
