1724579917063 0.0034547685645520687 0
1724580201683 0.0004424189683049917 5000
1724580474595 0.0002841768437065184 10000
1724580750114 0.00025184062542393804 15000
1724581036090 0.00032435014145448804 20000
1724581318048 0.0009810292394831777 25000
1724581630472 0.0013066884130239487 30000
1724581909483 0.0018242073711007833 35000
1724582187369 0.0026838125195354223 40000
1724582461722 0.0033215319272130728 45000
1724582749084 0.0038481259252876043 50000
1724583072356 0.002725042402744293 55000
1724583362396 0.002103204606100917 60000
1724583628351 0.0012197892647236586 65000
1724583891576 0.0007313232054002583 70000
1724584152459 0.0005762880318798125 75000
1724584413907 0.0003901950258295983 80000
1724584675961 0.00024404065334238112 85000
1724584936323 0.00033171739778481424 90000
1724585203035 0.0001995405909838155 95000
1724585477071 0.00016464102372992784 99999
