1724579917063 13.070836067199707 0
1724580201683 0.5711928606033325 5000
1724580474595 0.2238050103187561 10000
1724580750114 0.19413171708583832 15000
1724581036089 0.18709686398506165 20000
1724581318048 0.19714610278606415 25000
1724581630472 0.18901948630809784 30000
1724581909483 0.1825251579284668 35000
1724582187369 0.17413945496082306 40000
1724582461722 0.13621816039085388 45000
1724582749083 0.13378962874412537 50000
1724583072356 0.11717157810926437 55000
1724583362395 0.09811229258775711 60000
1724583628350 0.08318012207746506 65000
1724583891576 0.07452850788831711 70000
1724584152459 0.06319717317819595 75000
1724584413907 0.058262381702661514 80000
1724584675960 0.05042612552642822 85000
1724584936323 0.04469682648777962 90000
1724585203034 0.040437739342451096 95000
1724585477070 0.03553098812699318 99999
