1724579917060 1.3483058003416204e-09 0
1724580201680 5.276120873531909e-09 5000
1724580474592 3.835645134842025e-09 10000
1724580750111 1.4352850463694722e-08 15000
1724581036086 2.7721780426759324e-08 20000
1724581318045 3.151634686560101e-08 25000
1724581630469 3.4692504868871765e-08 30000
1724581909480 3.568390027908208e-08 35000
1724582187366 3.32263496716223e-08 40000
1724582461719 5.704244188109442e-08 45000
1724582749080 9.676289636217916e-08 50000
1724583072353 1.1569134983346885e-07 55000
1724583362392 1.5706733336173784e-07 60000
1724583628348 1.9645091242637136e-07 65000
1724583891573 2.5387237201357493e-07 70000
1724584152456 2.8634232762669853e-07 75000
1724584413904 3.657740705875767e-07 80000
1724584675958 4.442096894763381e-07 85000
1724584936320 5.404148737397918e-07 90000
1724585203031 6.612445417886192e-07 95000
1724585477067 7.796134582349623e-07 99999
