1724579917062 0.0002917404635809362 0
1724580201683 3.843679678539047e-06 5000
1724580474594 3.7162326407269575e-06 10000
1724580750113 3.857387582684169e-06 15000
1724581036089 3.989849574281834e-06 20000
1724581318047 3.942177045246353e-06 25000
1724581630471 3.9579813346790615e-06 30000
1724581909482 3.957566605095053e-06 35000
1724582187368 3.8767975638620555e-06 40000
1724582461721 3.970218131144065e-06 45000
1724582749083 3.974022092734231e-06 50000
1724583072355 3.9703777474642266e-06 55000
1724583362395 3.90592731491779e-06 60000
1724583628350 3.969912086176919e-06 65000
1724583891575 3.9848810047260486e-06 70000
1724584152458 3.913075943273725e-06 75000
1724584413906 3.984902832598891e-06 80000
1724584675960 3.804019343078835e-06 85000
1724584936322 3.990307959611528e-06 90000
1724585203034 3.9129417928052135e-06 95000
1724585477069 3.952019142161589e-06 99999
