1724579917061 8.799112319946289 0
1724580201682 0.13745322823524475 5000
1724580474593 0.22333663702011108 10000
1724580750113 0.17226554453372955 15000
1724581036088 0.14036236703395844 20000
1724581318046 0.11710485816001892 25000
1724581630471 0.11256562173366547 30000
1724581909481 0.10573744773864746 35000
1724582187367 0.08851989358663559 40000
1724582461720 0.06268180906772614 45000
1724582749082 0.039832621812820435 50000
1724583072354 0.030608337372541428 55000
1724583362394 0.024705853313207626 60000
1724583628349 0.017655719071626663 65000
1724583891574 0.011272793635725975 70000
1724584152458 0.01620355062186718 75000
1724584413905 0.00753791956230998 80000
1724584675959 0.006735031493008137 85000
1724584936322 0.005792598705738783 90000
1724585203033 0.004329724702984095 95000
1724585477069 0.00406012125313282 99999
