1724579917062 0.0033086680341511965 0
1724580201682 0.0006622942164540291 5000
1724580474594 0.0023660161532461643 10000
1724580750113 0.000960748759098351 15000
1724581036088 0.000547615229152143 20000
1724581318047 0.0005524744628928602 25000
1724581630471 0.0009014146635308862 30000
1724581909482 0.0014916076324880123 35000
1724582187368 0.0020088092423975468 40000
1724582461721 0.0022429213859140873 45000
1724582749082 0.002295847749337554 50000
1724583072355 0.001918954192660749 55000
1724583362394 0.001372261089272797 60000
1724583628349 0.0011734155705198646 65000
1724583891575 0.00125208985991776 70000
1724584152458 0.0011035364586859941 75000
1724584413906 0.0011490382021293044 80000
1724584675960 0.001036089495755732 85000
1724584936322 0.0009111808612942696 90000
1724585203033 0.0007821384351700544 95000
1724585477069 0.0006218997295945883 99999
