1724579917059 2060.03076171875 0
1724580201679 0.2513902485370636 5000
1724580474591 0.18545296788215637 10000
1724580750110 0.13608819246292114 15000
1724581036085 0.10981844365596771 20000
1724581318044 0.10701735317707062 25000
1724581630468 0.10221951454877853 30000
1724581909479 0.0987173542380333 35000
1724582187365 0.09738631546497345 40000
1724582461718 0.06896152347326279 45000
1724582749079 0.06187514215707779 50000
1724583072352 0.05171211063861847 55000
1724583362391 0.0579368956387043 60000
1724583628347 0.036941930651664734 65000
1724583891572 0.02983439899981022 70000
1724584152455 0.037128984928131104 75000
1724584413903 0.02277422696352005 80000
1724584675957 0.04456896334886551 85000
1724584936319 0.018010202795267105 90000
1724585203030 0.02220969647169113 95000
1724585477066 0.0158776193857193 99999
