1724579917061 6158.21435546875 0
1724580201681 0.04441596195101738 5000
1724580474593 0.10656333714723587 10000
1724580750112 0.04065082594752312 15000
1724581036087 0.0011201018933206797 20000
1724581318046 0.005263615865260363 25000
1724581630470 0.0028613354079425335 30000
1724581909481 0.004569645039737225 35000
1724582187367 0.024803074076771736 40000
1724582461720 0.0024161189794540405 45000
1724582749081 0.005855124909430742 50000
1724583072354 0.002708335407078266 55000
1724583362393 0.04751300811767578 60000
1724583628349 0.007592584006488323 65000
1724583891574 0.0017142380820587277 70000
1724584152457 0.030302204191684723 75000
1724584413905 0.0009787940653041005 80000
1724584675959 0.07526134699583054 85000
1724584936321 0.002293749712407589 90000
1724585203032 0.020875368267297745 95000
1724585477068 0.007250474765896797 99999
