1724579917060 4.586698208741691e-12 0
1724580201681 1.8299837339919023e-11 5000
1724580474593 1.873083806114284e-11 10000
1724580750112 4.8040415395744773e-11 15000
1724581036087 1.4643375401135472e-10 20000
1724581318046 2.9691105130069673e-10 25000
1724581630470 5.022792737285897e-10 30000
1724581909481 7.807646196233975e-10 35000
1724582187367 1.1959424561780452e-09 40000
1724582461719 2.8202420399026096e-09 45000
1724582749081 3.4312208629927454e-09 50000
1724583072353 2.4755688610156312e-09 55000
1724583362393 1.7019490261560577e-09 60000
1724583628348 1.0843891340428513e-09 65000
1724583891573 8.852643063050891e-10 70000
1724584152457 7.029085091758702e-10 75000
1724584413904 4.765874361822853e-10 80000
1724584675958 5.026875027347444e-10 85000
1724584936321 7.775297072853959e-10 90000
1724585203032 8.637142112633001e-10 95000
1724585477067 8.61266280516304e-10 99999
