1725257438492 3.1963891160557978e-06 0
1725257438614 3.161581389576895e-06 1
1725257438690 3.127325953755644e-06 2
1725257438783 3.0944866011850536e-06 3
1725257438851 3.0631340450781863e-06 4
1725257438927 3.033119355677627e-06 5
1725257438994 3.004476639034692e-06 6
1725257439061 2.977327085318393e-06 7
1725257439142 2.9518321298382943e-06 8
1725257439208 2.9281627575983293e-06 9
1725257439269 2.9064919999655103e-06 10
1725257439340 2.88698288386513e-06 11
1725257439414 2.8697886591544375e-06 12
1725257439483 2.855051207006909e-06 13
1725257439548 2.8429053600120824e-06 14
1725257439620 2.8334814032859867e-06 15
1725257439703 2.8269105314393528e-06 16
1725257439775 2.8233318971615518e-06 17
1725257439834 2.822896931320429e-06 18
1725257439904 2.825775936798891e-06 19
1725257439975 2.83215695162653e-06 20
1725257440042 2.8422502964531304e-06 21
1725257440126 2.856275841622846e-06 22
1725257440199 2.87446596303198e-06 23
1725257440275 2.8970514449611073e-06 24
1725257440350 2.9242619348224252e-06 25
1725257440420 2.956321623059921e-06 26
1725257440497 2.993442649312783e-06 27
1725257440582 3.0358307867572876e-06 28
1725257440651 3.0836856694804737e-06 29
1725257440716 3.1372005651064683e-06 30
1725257440804 3.196567831764696e-06 31
1725257440859 3.261978008595179e-06 32
1725257440931 3.3336250453430694e-06 33
1725257441009 3.4117051654902752e-06 34
1725257441068 3.496422323223669e-06 35
1725257441150 3.58799161404022e-06 36
1725257441215 3.686635864141863e-06 37
1725257441290 3.7925958622508915e-06 38
1725257441374 3.9061246752680745e-06 39
1725257441438 4.027491740998812e-06 40
1725257441519 4.156987415626645e-06 41
1725257441588 4.294920472602826e-06 42
1725257441657 4.441618330019992e-06 43
1725257441731 4.5974347813171335e-06 44
1725257441816 4.762742719321977e-06 45
1725257441887 4.937945050187409e-06 46
1725257441990 5.1234692364232615e-06 47
1725257442077 5.3197659326542635e-06 48
1725257442176 5.527316716325004e-06 49
1725257442260 5.746631813963177e-06 50
1725257442321 5.97824873693753e-06 51
1725257442388 6.22273455519462e-06 52
1725257442464 6.480684533016756e-06 53
1725257442535 6.752727131242864e-06 54
1725257442608 7.0395171860582195e-06 55
1725257442681 7.3417422754573636e-06 56
1725257442747 7.66011726227589e-06 57
1725257442809 7.995395208126865e-06 58
1725257442883 8.3483500930015e-06 59
1725257442961 8.719799552636687e-06 60
1725257443047 9.110588507610373e-06 61
1725257443117 9.521600986772683e-06 62
1725257443180 9.953746484825388e-06 63
1725257443244 1.0407983609184157e-05 64
1725257443309 1.0885284609685186e-05 65
1725257443381 1.1386679034330882e-05 66
1725257443466 1.1913233720406424e-05 67
1725257443541 1.246604551852215e-05 68
1725257443610 1.3046254025539383e-05 69
1725257443695 1.3655036127602216e-05 70
1725257443774 1.4293625099526253e-05 71
1725257443851 1.4963279681978747e-05 72
1725257443939 1.5665322280256078e-05 73
1725257444019 1.640111076994799e-05 74
1725257444098 1.717204759188462e-05 75
1725257444177 1.797959157556761e-05 76
1725257444272 1.8825248844223097e-05 77
1725257444341 1.9710576452780515e-05 78
1725257444425 2.0637171473936178e-05 79
1725257444548 2.1606720110867172e-05 80
1725257444638 2.2620919480687007e-05 81
1725257444718 2.3681564925936982e-05 82
1725257444792 2.4790480892988853e-05 83
1725257444890 2.5949560949811712e-05 84
1725257444987 2.7160753234056756e-05 85
1725257445069 2.842609683284536e-05 86
1725257445146 2.9747652661171742e-05 87
1725257445226 3.1127587135415524e-05 88
1725257445300 3.2568099413765594e-05 89
1725257445392 3.407150143175386e-05 90
1725257445470 3.564012877177447e-05 91
1725257445536 3.727643343154341e-05 92
1725257445621 3.8982892874628305e-05 93
1725257445697 4.076211916981265e-05 94
1725257445774 4.2616749851731583e-05 95
1725257445879 4.4549538870342076e-05 96
1725257445946 4.6563291107304394e-05 97
1725257446024 4.866090603172779e-05 98
1725257446093 5.0845359510276467e-05 99
1725257449972 5.311972199706361e-05 100
1725257450067 5.548711123992689e-05 101
1725257450157 5.795073229819536e-05 102
1725257450228 6.051384480088018e-05 103
1725257450295 6.31798175163567e-05 104
1725257450365 6.595204467885196e-05 105
1725257450458 6.88339932821691e-05 106
1725257450531 7.182917761383578e-05 107
1725257450591 7.494122110074386e-05 108
1725257450664 7.81737471697852e-05 109
1725257450753 8.153050293913111e-05 110
1725257450847 8.501530101057142e-05 111
1725257450941 8.863201219355687e-05 112
1725257451019 9.238458005711436e-05 113
1725257451104 9.627708641346544e-05 114
1725257451166 0.00010031356941908598 115
1725257451256 0.00010449827823322266 116
1725257451377 0.0001088353237719275 117
1725257451445 0.0001133290134021081 118
1725257451510 0.0001179836253868416 119
1725257451602 0.0001228034816449508 120
1725257451702 0.00012779283861164004 121
1725257451770 0.00013295597454998642 122
1725257451840 0.00013829709496349096 123
1725257451914 0.0001438202743884176 124
1725257451997 0.0001495296019129455 125
1725257452058 0.00015542912296950817 126
1725257452126 0.0001615225919522345 127
1725257452192 0.00016781393787823617 128
1725257452262 0.0001743066677590832 129
1725257452334 0.00018100437591783702 130
1725257452406 0.00018791036563925445 131
1725257452486 0.0001950277219293639 132
1725257452552 0.00020235944248270243 133
1725257452623 0.0002099082339555025 134
1725257452706 0.0002176764828618616 135
1725257452766 0.00022566638654097915 136
1725257452839 0.0002338797494303435 137
1725257452894 0.0002423179685138166 138
1725257452959 0.00025098235346376896 139
1725257453035 0.0002598735154606402 140
1725257453131 0.0002689918619580567 141
1725257453209 0.0002783372765406966 142
1725257453317 0.0002879094099625945 143
1725257453428 0.0002977070689667016 144
1725257453525 0.00030772891477681696 145
1725257453602 0.00031797291012480855 146
