1725257438492 0.00669811200350523 0
1725257438614 0.006694385781884193 1
1725257438690 0.006690360605716705 2
1725257438783 0.006686042528599501 3
1725257438850 0.006681185681372881 4
1725257438927 0.006675527431070805 5
1725257438993 0.006668745074421167 6
1725257439061 0.006660507991909981 7
1725257439141 0.006650586612522602 8
1725257439208 0.006638910621404648 9
1725257439269 0.006625534035265446 10
1725257439339 0.006610569544136524 11
1725257439414 0.0065941354259848595 12
1725257439482 0.006576338317245245 13
1725257439547 0.006557264365255833 14
1725257439620 0.006536985281854868 15
1725257439702 0.006515565328299999 16
1725257439775 0.006493060849606991 17
1725257439834 0.006469525396823883 18
1725257439904 0.006445014849305153 19
1725257439975 0.006419579032808542 20
1725257440042 0.0063932714983820915 21
1725257440125 0.006366145797073841 22
1725257440199 0.00633825222030282 23
1725257440274 0.006309641525149345 24
1725257440350 0.006280361674726009 25
1725257440420 0.006250458303838968 26
1725257440497 0.006219970528036356 27
1725257440582 0.006188933737576008 28
1725257440650 0.006157379597425461 29
1725257440715 0.006125332787632942 30
1725257440804 0.006092811934649944 31
1725257440859 0.006059830076992512 32
1725257440930 0.006026389077305794 33
1725257441008 0.005992485210299492 34
1725257441067 0.005958106834441423 35
1725257441149 0.005923234857618809 36
1725257441214 0.005887849256396294 37
1725257441289 0.005851926282048225 38
1725257441374 0.005815443117171526 39
1725257441438 0.005778375547379255 40
1725257441518 0.005740701220929623 41
1725257441588 0.005702396854758263 42
1725257441657 0.005663437768816948 43
1725257441731 0.005623801611363888 44
1725257441816 0.005583466030657291 45
1725257441886 0.005542406812310219 46
1725257441990 0.005500602535903454 47
1725257442077 0.0054580289870500565 48
1725257442176 0.005414663814008236 49
1725257442260 0.005370485596358776 50
1725257442321 0.005325471982359886 51
1725257442388 0.005279601085931063 52
1725257442464 0.005232851952314377 53
1725257442535 0.005185202695429325 54
1725257442608 0.005136636085808277 55
1725257442680 0.005087130703032017 56
1725257442747 0.00503667164593935 57
1725257442809 0.0049852412194013596 58
1725257442883 0.004932822659611702 59
1725257442961 0.004879402928054333 60
1725257443047 0.004824967123568058 61
1725257443116 0.004769506864249706 62
1725257443180 0.004713007714599371 63
1725257443244 0.0046554626896977425 64
1725257443308 0.0045968638733029366 65
1725257443380 0.004537203349173069 66
1725257443466 0.004476477392017841 67
1725257443540 0.0044146813452243805 68
1725257443609 0.0043518152087926865 69
1725257443695 0.004287876188755035 70
1725257443774 0.004222865682095289 71
1725257443850 0.004156786482781172 72
1725257443938 0.004089642316102982 73
1725257444019 0.004021438769996166 74
1725257444098 0.00395218376070261 75
1725257444177 0.0038818856701254845 76
1725257444272 0.0038105568382889032 77
1725257444341 0.003738210303708911 78
1725257444425 0.0036648614332079887 79
1725257444548 0.003590528154745698 80
1725257444638 0.00351523095741868 81
1725257444718 0.003438993589952588 82
1725257444791 0.003361842595040798 83
1725257444890 0.003283807309344411 84
1725257444986 0.003204921493306756 85
1725257445068 0.0031252212356776 86
1725257445146 0.0030447475146502256 87
1725257445226 0.002963546197861433 88
1725257445299 0.0028816666454076767 89
1725257445392 0.0027991633396595716 90
1725257445470 0.002716096118092537 91
1725257445536 0.0026325301732867956 92
1725257445621 0.002548535820096731 93
1725257445697 0.0024641891941428185 94
1725257445773 0.0023795729503035545 95
1725257445878 0.002294776262715459 96
1725257445946 0.0022098920308053493 97
1725257446024 0.002125021768733859 98
1725257446093 0.0020402721129357815 99
1725257449972 0.001955755753442645 100
1725257450067 0.001871590968221426 101
1725257450157 0.0017879032529890537 102
1725257450228 0.0017048224108293653 103
1725257450295 0.001622484065592289 104
1725257450365 0.0015410275664180517 105
1725257450458 0.0014605975011363626 106
1725257450531 0.0013813425321131945 107
1725257450591 0.001303412951529026 108
1725257450663 0.0012269620783627033 109
1725257450753 0.0011521463748067617 110
1725257450847 0.0010791212553158402 111
1725257450940 0.0010080442298203707 112
1725257451019 0.0009390717023052275 113
1725257451104 0.0008723591454327106 114
1725257451166 0.0008080611005425453 115
1725257451256 0.0007463310030288994 116
1725257451377 0.0006873199017718434 117
1725257451445 0.0006311768083833158 118
1725257451509 0.000578049395699054 119
1725257451601 0.000528083008248359 120
1725257451701 0.00048142156447283924 121
1725257451769 0.0004382082261145115 122
1725257451840 0.00039858499076217413 123
1725257451914 0.0003626939724199474 124
1725257451997 0.0003306774306111038 125
1725257452058 0.00030267832335084677 126
1725257452125 0.00027884100563824177 127
1725257452192 0.0002593111712485552 128
1725257452262 0.0002442370168864727 129
1725257452333 0.0002337693440495059 130
1725257452406 0.00022806147171650082 131
1725257452486 0.00022726997849531472 132
1725257452551 0.00023155455710366368 133
1725257452622 0.00024107799981720746 134
1725257452706 0.0002560065477155149 135
1725257452765 0.00027650914853438735 136
1725257452839 0.0003027573402505368 137
1725257452894 0.00033492528018541634 138
1725257452959 0.0003731887845788151 139
1725257453034 0.00041772492113523185 140
1725257453131 0.0004687112523242831 141
1725257453208 0.0005263258353807032 142
1725257453317 0.0005907451268285513 143
1725257453428 0.0006621446227654815 144
1725257453525 0.0007406966760754585 145
1725257453602 0.0008265702635981143 146
