1725257438492 26.0291690826416 0
1725257438613 26.029251098632812 1
1725257438689 26.029338836669922 2
1725257438783 26.029443740844727 3
1725257438850 26.029573440551758 4
1725257438926 26.029726028442383 5
1725257438993 26.02989959716797 6
1725257439060 26.03008270263672 7
1725257439141 26.030271530151367 8
1725257439207 26.030458450317383 9
1725257439269 26.0306396484375 10
1725257439339 26.03081512451172 11
1725257439413 26.030977249145508 12
1725257439482 26.031131744384766 13
1725257439547 26.031272888183594 14
1725257439620 26.031402587890625 15
1725257439702 26.03152084350586 16
1725257439774 26.03162384033203 17
1725257439833 26.03171157836914 18
1725257439903 26.031787872314453 19
1725257439975 26.031845092773438 20
1725257440041 26.031890869140625 21
1725257440125 26.031917572021484 22
1725257440198 26.031932830810547 23
1725257440274 26.031932830810547 24
1725257440349 26.031917572021484 25
1725257440420 26.031888961791992 26
1725257440497 26.031845092773438 27
1725257440582 26.031787872314453 28
1725257440650 26.031723022460938 29
1725257440715 26.031644821166992 30
1725257440804 26.03155517578125 31
1725257440858 26.031452178955078 32
1725257440930 26.03133773803711 33
1725257441008 26.03121566772461 34
1725257441067 26.031082153320312 35
1725257441149 26.030941009521484 36
1725257441214 26.030792236328125 37
1725257441289 26.03063201904297 38
1725257441373 26.030467987060547 39
1725257441438 26.030296325683594 40
1725257441518 26.030118942260742 41
1725257441587 26.029935836791992 42
1725257441657 26.029748916625977 43
1725257441731 26.029556274414062 44
1725257441815 26.029361724853516 45
1725257441886 26.02916145324707 46
1725257441990 26.028961181640625 47
1725257442076 26.028759002685547 48
1725257442175 26.028554916381836 49
1725257442260 26.02834701538086 50
1725257442321 26.028141021728516 51
1725257442388 26.027931213378906 52
1725257442463 26.02772331237793 53
1725257442534 26.027515411376953 54
1725257442608 26.027305603027344 55
1725257442680 26.02709197998047 56
1725257442747 26.02688217163086 57
1725257442809 26.026668548583984 58
1725257442882 26.026456832885742 59
1725257442960 26.026241302490234 60
1725257443046 26.02602767944336 61
1725257443116 26.02581214904785 62
1725257443179 26.025592803955078 63
1725257443244 26.025371551513672 64
1725257443308 26.025150299072266 65
1725257443380 26.024927139282227 66
1725257443466 26.024700164794922 67
1725257443540 26.024471282958984 68
1725257443609 26.02423858642578 69
1725257443695 26.024005889892578 70
1725257443773 26.023765563964844 71
1725257443850 26.02352523803711 72
1725257443938 26.02328109741211 73
1725257444018 26.023033142089844 74
1725257444097 26.022781372070312 75
1725257444177 26.022525787353516 76
1725257444272 26.022266387939453 77
1725257444341 26.022003173828125 78
1725257444425 26.02173614501953 79
1725257444547 26.02146339416504 80
1725257444638 26.02118682861328 81
1725257444717 26.020904541015625 82
1725257444791 26.020620346069336 83
1725257444890 26.020328521728516 84
1725257444986 26.020034790039062 85
1725257445068 26.019733428955078 86
1725257445145 26.019426345825195 87
1725257445225 26.01911735534668 88
1725257445299 26.018798828125 89
1725257445391 26.01848030090332 90
1725257445469 26.018152236938477 91
1725257445535 26.017820358276367 92
1725257445620 26.01748275756836 93
1725257445696 26.017139434814453 94
1725257445773 26.01679039001465 95
1725257445878 26.016433715820312 96
1725257445946 26.016071319580078 97
1725257446024 26.015705108642578 98
1725257446093 26.015329360961914 99
1725257449972 26.01494598388672 100
1725257450067 26.014556884765625 101
1725257450156 26.014158248901367 102
1725257450227 26.013751983642578 103
1725257450294 26.013336181640625 104
1725257450365 26.01291275024414 105
1725257450458 26.01247787475586 106
1725257450530 26.012035369873047 107
1725257450590 26.011579513549805 108
1725257450663 26.011112213134766 109
1725257450752 26.01063346862793 110
1725257450846 26.010143280029297 111
1725257450940 26.00963592529297 112
1725257451019 26.009113311767578 113
1725257451104 26.00857925415039 114
1725257451166 26.008026123046875 115
1725257451255 26.007455825805664 116
1725257451377 26.00687026977539 117
1725257451444 26.006263732910156 118
1725257451509 26.00563621520996 119
1725257451601 26.004989624023438 120
1725257451701 26.004322052001953 121
1725257451769 26.003629684448242 122
1725257451839 26.002914428710938 123
1725257451914 26.002178192138672 124
1725257451997 26.001415252685547 125
1725257452058 26.000625610351562 126
1725257452125 25.99980926513672 127
1725257452192 25.998966217041016 128
1725257452261 25.998092651367188 129
1725257452333 25.997194290161133 130
1725257452406 25.996261596679688 131
1725257452485 25.99530029296875 132
1725257452551 25.994308471679688 133
1725257452622 25.9932861328125 134
1725257452705 25.992229461669922 135
1725257452765 25.991140365600586 136
1725257452838 25.990018844604492 137
1725257452894 25.988862991333008 138
1725257452959 25.987674713134766 139
1725257453034 25.9864501953125 140
1725257453131 25.985191345214844 141
1725257453208 25.983898162841797 142
1725257453317 25.98257064819336 143
1725257453428 25.98120880126953 144
1725257453525 25.979808807373047 145
1725257453602 25.978376388549805 146
