1725257438491 1.2339746952056885 0
1725257438613 1.230562448501587 1
1725257438689 1.2271604537963867 2
1725257438782 1.2237679958343506 3
1725257438849 1.2203847169876099 4
1725257438926 1.2170099020004272 5
1725257438992 1.2136428356170654 6
1725257439060 1.2102830410003662 7
1725257439141 1.2069292068481445 8
1725257439207 1.2035808563232422 9
1725257439268 1.2002367973327637 10
1725257439338 1.1968960762023926 11
1725257439413 1.1935577392578125 12
1725257439481 1.190220594406128 13
1725257439546 1.1868836879730225 14
1725257439619 1.1835459470748901 15
1725257439702 1.180206060409546 16
1725257439774 1.1768630743026733 17
1725257439833 1.173515796661377 18
1725257439903 1.1701629161834717 19
1725257439974 1.1668035984039307 20
1725257440041 1.1634364128112793 21
1725257440125 1.1600602865219116 22
1725257440198 1.1566741466522217 23
1725257440274 1.1532765626907349 24
1725257440349 1.1498663425445557 25
1725257440419 1.1464424133300781 26
1725257440496 1.1430035829544067 27
1725257440581 1.1395485401153564 28
1725257440649 1.136075735092163 29
1725257440714 1.1325844526290894 30
1725257440803 1.129073143005371 31
1725257440858 1.1255403757095337 32
1725257440930 1.1219851970672607 33
1725257441008 1.1184062957763672 34
1725257441066 1.1148028373718262 35
1725257441149 1.1111729145050049 36
1725257441213 1.1075156927108765 37
1725257441289 1.103830099105835 38
1725257441373 1.1001148223876953 39
1725257441437 1.0963685512542725 40
1725257441517 1.09259033203125 41
1725257441587 1.088779091835022 42
1725257441656 1.0849336385726929 43
1725257441730 1.0810527801513672 44
1725257441815 1.0771353244781494 45
1725257441886 1.0731804370880127 46
1725257441989 1.069186806678772 47
1725257442076 1.0651534795761108 48
1725257442175 1.0610792636871338 49
1725257442259 1.0569634437561035 50
1725257442320 1.0528045892715454 51
1725257442387 1.048601746559143 52
1725257442463 1.0443540811538696 53
1725257442534 1.0400606393814087 54
1725257442607 1.0357202291488647 55
1725257442680 1.031332015991211 56
1725257442746 1.0268949270248413 57
1725257442808 1.022408127784729 58
1725257442882 1.0178706645965576 59
1725257442960 1.0132817029953003 60
1725257443046 1.0086402893066406 61
1725257443116 1.0039454698562622 62
1725257443179 0.9991965293884277 63
1725257443243 0.9943925142288208 64
1725257443307 0.9895326495170593 65
1725257443379 0.9846161603927612 66
1725257443465 0.9796422719955444 67
1725257443540 0.9746102094650269 68
1725257443609 0.9695191979408264 69
1725257443694 0.9643686413764954 70
1725257443773 0.9591578245162964 71
1725257443849 0.953886091709137 72
1725257443937 0.948552668094635 73
1725257444018 0.9431572556495667 74
1725257444097 0.9376990795135498 75
1725257444176 0.9321776628494263 76
1725257444271 0.9265925884246826 77
1725257444340 0.9209432601928711 78
1725257444424 0.915229320526123 79
1725257444547 0.9094504117965698 80
1725257444637 0.9036061763763428 81
1725257444717 0.8976962566375732 82
1725257444791 0.8917204141616821 83
1725257444889 0.8856784105300903 84
1725257444986 0.8795701265335083 85
1725257445068 0.8733953237533569 86
1725257445145 0.8671541213989258 87
1725257445225 0.8608461618423462 88
1725257445299 0.8544718027114868 89
1725257445391 0.8480309247970581 90
1725257445469 0.8415236473083496 91
1725257445535 0.83495032787323 92
1725257445620 0.828311026096344 93
1725257445696 0.8216061592102051 94
1725257445772 0.8148360252380371 95
1725257445878 0.8080012798309326 96
1725257445945 0.8011021614074707 97
1725257446023 0.7941394448280334 98
1725257446092 0.7871136665344238 99
1725257449971 0.7800257205963135 100
1725257450066 0.7728762626647949 101
1725257450156 0.7656661868095398 102
1725257450227 0.758396565914154 103
1725257450294 0.7510683536529541 104
1725257450364 0.7436827421188354 105
1725257450457 0.7362408638000488 106
1725257450530 0.7287441492080688 107
1725257450590 0.7211938500404358 108
1725257450663 0.7135913968086243 109
1725257450752 0.7059383988380432 110
1725257450846 0.6982365250587463 111
1725257450939 0.6904873847961426 112
1725257451018 0.6826929450035095 113
1725257451103 0.6748548746109009 114
1725257451165 0.6669752597808838 115
1725257451255 0.6590560674667358 116
1725257451376 0.6510995626449585 117
1725257451444 0.6431078314781189 118
1725257451509 0.6350831389427185 119
1725257451601 0.6270279884338379 120
1725257451701 0.6189446449279785 121
1725257451768 0.6108357906341553 122
1725257451839 0.602703869342804 123
1725257451913 0.594551682472229 124
1725257451996 0.5863817930221558 125
1725257452057 0.5781972408294678 126
1725257452125 0.5700005888938904 127
1725257452191 0.5617949366569519 128
1725257452261 0.5535832643508911 129
1725257452333 0.5453685522079468 130
1725257452405 0.5371538400650024 131
1725257452485 0.5289422273635864 132
1725257452551 0.5207369327545166 133
1725257452622 0.5125411152839661 134
1725257452705 0.5043579339981079 135
1725257452765 0.4961906969547272 136
1725257452838 0.48804259300231934 137
1725257452893 0.4799169898033142 138
1725257452958 0.4718170166015625 139
1725257453033 0.4637460708618164 140
1725257453130 0.4557073712348938 141
1725257453208 0.4477041959762573 142
1725257453316 0.43973982334136963 143
1725257453427 0.4318173825740814 144
1725257453524 0.42394012212753296 145
1725257453601 0.4161112308502197 146
