1725257438491 8.796899795532227 0
1725257438612 8.7969970703125 1
1725257438688 8.797098159790039 2
1725257438782 8.797210693359375 3
1725257438849 8.797334671020508 4
1725257438925 8.79747200012207 5
1725257438992 8.797619819641113 6
1725257439059 8.797773361206055 7
1725257439140 8.797927856445312 8
1725257439206 8.798084259033203 9
1725257439268 8.798234939575195 10
1725257439338 8.798383712768555 11
1725257439412 8.7985258102417 12
1725257439481 8.798662185668945 13
1725257439546 8.798791885375977 14
1725257439613 8.798914909362793 15
1725257439701 8.799030303955078 16
1725257439773 8.799139022827148 17
1725257439832 8.799240112304688 18
1725257439902 8.799331665039062 19
1725257439974 8.799416542053223 20
1725257440040 8.799493789672852 21
1725257440124 8.799561500549316 22
1725257440197 8.79962158203125 23
1725257440273 8.799674987792969 24
1725257440348 8.799720764160156 25
1725257440419 8.799760818481445 26
1725257440495 8.799792289733887 27
1725257440581 8.79981803894043 28
1725257440649 8.79983901977539 29
1725257440714 8.79985237121582 30
1725257440803 8.799861907958984 31
1725257440857 8.79986572265625 32
1725257440929 8.799864768981934 33
1725257441007 8.799858093261719 34
1725257441066 8.799848556518555 35
1725257441148 8.799833297729492 36
1725257441213 8.799816131591797 37
1725257441288 8.799793243408203 38
1725257441372 8.799768447875977 39
1725257441436 8.799741744995117 40
1725257441517 8.799713134765625 41
1725257441586 8.799680709838867 42
1725257441656 8.79964828491211 43
1725257441730 8.799613952636719 44
1725257441814 8.799577713012695 45
1725257441885 8.799540519714355 46
1725257441988 8.799503326416016 47
1725257442075 8.799467086791992 48
1725257442174 8.799428939819336 49
1725257442258 8.79939079284668 50
1725257442320 8.79935359954834 51
1725257442386 8.79931640625 52
1725257442462 8.799278259277344 53
1725257442533 8.79924201965332 54
1725257442606 8.79920482635498 55
1725257442679 8.799169540405273 56
1725257442746 8.79913330078125 57
1725257442807 8.799097061157227 58
1725257442881 8.799059867858887 59
1725257442959 8.799023628234863 60
1725257443045 8.798986434936523 61
1725257443115 8.7989501953125 62
1725257443178 8.798912048339844 63
1725257443242 8.79887580871582 64
1725257443307 8.798835754394531 65
1725257443379 8.798795700073242 66
1725257443465 8.798755645751953 67
1725257443539 8.798712730407715 68
1725257443608 8.798669815063477 69
1725257443693 8.798624038696289 70
1725257443772 8.798579216003418 71
1725257443849 8.798531532287598 72
1725257443937 8.798482894897461 73
1725257444017 8.798431396484375 74
1725257444096 8.798377990722656 75
1725257444176 8.798323631286621 76
1725257444271 8.798267364501953 77
1725257444340 8.798208236694336 78
1725257444423 8.798147201538086 79
1725257444546 8.798084259033203 80
1725257444637 8.798017501831055 81
1725257444716 8.797950744628906 82
1725257444790 8.797879219055176 83
1725257444889 8.797805786132812 84
1725257444985 8.797730445861816 85
1725257445067 8.797651290893555 86
1725257445144 8.797571182250977 87
1725257445224 8.797487258911133 88
1725257445298 8.79740047454834 89
1725257445390 8.797311782836914 90
1725257445468 8.797218322753906 91
1725257445534 8.797122955322266 92
1725257445619 8.797025680541992 93
1725257445695 8.796923637390137 94
1725257445772 8.796819686889648 95
1725257445877 8.796710968017578 96
1725257445944 8.796600341796875 97
1725257446022 8.796485900878906 98
1725257446092 8.796367645263672 99
1725257449971 8.796245574951172 100
1725257450066 8.796119689941406 101
1725257450155 8.795989990234375 102
1725257450226 8.795855522155762 103
1725257450293 8.7957181930542 104
1725257450364 8.795574188232422 105
1725257450457 8.795426368713379 106
1725257450529 8.795273780822754 107
1725257450589 8.795114517211914 108
1725257450662 8.794950485229492 109
1725257450751 8.794780731201172 110
1725257450845 8.794604301452637 111
1725257450939 8.794422149658203 112
1725257451018 8.794231414794922 113
1725257451103 8.794034004211426 114
1725257451165 8.793828964233398 115
1725257451254 8.793615341186523 116
1725257451376 8.7933931350708 117
1725257451443 8.79316234588623 118
1725257451508 8.79292106628418 119
1725257451600 8.792671203613281 120
1725257451700 8.792409896850586 121
1725257451768 8.792139053344727 122
1725257451838 8.79185676574707 123
1725257451913 8.791563034057617 124
1725257451996 8.791255950927734 125
1725257452057 8.790938377380371 126
1725257452124 8.790606498718262 127
1725257452190 8.790261268615723 128
1725257452260 8.78990364074707 129
1725257452332 8.789529800415039 130
1725257452405 8.789142608642578 131
1725257452484 8.788741111755371 132
1725257452550 8.788323402404785 133
1725257452621 8.787890434265137 134
1725257452704 8.78744125366211 135
1725257452764 8.786975860595703 136
1725257452837 8.786495208740234 137
1725257452893 8.78599739074707 138
1725257452957 8.785481452941895 139
1725257453032 8.784948348999023 140
1725257453130 8.784399032592773 141
1725257453207 8.783832550048828 142
1725257453316 8.783246994018555 143
1725257453427 8.782644271850586 144
1725257453524 8.782024383544922 145
1725257453600 8.78138542175293 146
