1725257438491 0.006799416616559029 0
1725257438612 0.006793996784836054 1
1725257438689 0.006788353901356459 2
1725257438782 0.0067824674770236015 3
1725257438849 0.006776093039661646 4
1725257438926 0.006768977269530296 5
1725257438992 0.006760820280760527 6
1725257439060 0.0067513249814510345 7
1725257439140 0.006740292068570852 8
1725257439207 0.0067276731133461 9
1725257439268 0.00671353517100215 10
1725257439338 0.006697992328554392 11
1725257439413 0.0066811637952923775 12
1725257439481 0.006663152482360601 13
1725257439546 0.00664404034614563 14
1725257439619 0.006623893976211548 15
1725257439701 0.006602772511541843 16
1725257439773 0.006580726243555546 17
1725257439833 0.006557804998010397 18
1725257439903 0.006534057669341564 19
1725257439974 0.0065095312893390656 20
1725257440041 0.006484275683760643 21
1725257440124 0.006458338350057602 22
1725257440197 0.006431765854358673 23
1725257440273 0.006404603831470013 24
1725257440348 0.006376894656568766 25
1725257440419 0.006348677445203066 26
1725257440496 0.006319988518953323 27
1725257440581 0.006290857680141926 28
1725257440649 0.00626131147146225 29
1725257440714 0.006231373175978661 30
1725257440803 0.006201058626174927 31
1725257440857 0.006170378532260656 32
1725257440929 0.006139333825558424 33
1725257441007 0.006107918918132782 34
1725257441066 0.006076122634112835 35
1725257441148 0.006043925881385803 36
1725257441213 0.006011308170855045 37
1725257441288 0.005978246219456196 38
1725257441373 0.005944716744124889 39
1725257441437 0.00591069832444191 40
1725257441517 0.005876166746020317 41
1725257441587 0.00584110151976347 42
1725257441656 0.005805476568639278 43
1725257441730 0.005769272334873676 44
1725257441815 0.005732466001063585 45
1725257441885 0.005695033818483353 46
1725257441989 0.005656953901052475 47
1725257442076 0.0056182038970291615 48
1725257442174 0.005578760523349047 49
1725257442259 0.005538602359592915 50
1725257442320 0.0054977089166641235 51
1725257442387 0.005456055514514446 52
1725257442463 0.0054136235266923904 53
1725257442534 0.005370390601456165 54
1725257442607 0.0053263381123542786 55
1725257442679 0.005281446501612663 56
1725257442746 0.005235699471086264 57
1725257442808 0.005189077463001013 58
1725257442882 0.0051415665075182915 59
1725257442959 0.005093149840831757 60
1725257443045 0.005043813958764076 61
1725257443115 0.00499354861676693 62
1725257443179 0.004942338448017836 63
1725257443243 0.004890174604952335 64
1725257443307 0.004837047308683395 65
1725257443379 0.004782947711646557 66
1725257443465 0.0047278692945837975 67
1725257443539 0.00467180460691452 68
1725257443608 0.0046147494576871395 69
1725257443694 0.004556698724627495 70
1725257443773 0.004497648682445288 71
1725257443849 0.004437598399817944 72
1725257443937 0.0043765464797616005 73
1725257444017 0.004314492456614971 74
1725257444097 0.004251438193023205 75
1725257444176 0.0041873874142766 76
1725257444271 0.00412234291434288 77
1725257444340 0.004056310281157494 78
1725257444424 0.003989296033978462 79
1725257444546 0.003921310417354107 80
1725257444637 0.0038523622788488865 81
1725257444716 0.003782465122640133 82
1725257444790 0.0037116329185664654 83
1725257444889 0.0036398828960955143 84
1725257444985 0.003567235078662634 85
1725257445067 0.003493710421025753 86
1725257445145 0.00341933430172503 87
1725257445224 0.003344135358929634 88
1725257445298 0.0032681457232683897 89
1725257445391 0.0031913993880152702 90
1725257445469 0.003113936632871628 91
1725257445534 0.003035800065845251 92
1725257445619 0.002957036718726158 93
1725257445696 0.0028776987455785275 94
1725257445772 0.0027978424914181232 95
1725257445877 0.00271752942353487 96
1725257445945 0.0026368247345089912 97
1725257446023 0.0025557989720255136 98
1725257446092 0.002474527806043625 99
1725257449971 0.0023930897004902363 100
1725257450066 0.002311570104211569 101
1725257450156 0.0022300584241747856 102
1725257450226 0.002148647094145417 103
1725257450294 0.002067434135824442 104
1725257450364 0.0019865189678967 105
1725257450457 0.0019060061313211918 106
1725257450530 0.0018260028446093202 107
1725257450589 0.0017466165591031313 108
1725257450662 0.0016679578693583608 109
1725257450752 0.001590138766914606 110
1725257450846 0.0015132699627429247 111
1725257450939 0.001437463564798236 112
1725257451018 0.0013628295855596662 113
1725257451103 0.0012894771061837673 114
1725257451165 0.001217513345181942 115
1725257451255 0.0011470438912510872 116
1725257451376 0.0010781708406284451 117
1725257451443 0.001010994310490787 118
1725257451508 0.0009456123225390911 119
1725257451600 0.00088211934780702 120
1725257451700 0.0008206077618524432 121
1725257451768 0.000761168310418725 122
1725257451839 0.0007038895273581147 123
1725257451913 0.0006488588405773044 124
1725257451996 0.0005961628630757332 125
1725257452057 0.0005458873929455876 126
1725257452124 0.0004981184611096978 127
1725257452191 0.0004529419238679111 128
1725257452261 0.00041044483077712357 129
1725257452332 0.000370715803001076 130
1725257452405 0.0003338444512337446 131
1725257452485 0.00029992274357937276 132
1725257452550 0.00026904462720267475 133
1725257452621 0.00024130646488629282 134
1725257452705 0.0002168073842767626 135
1725257452764 0.0001956487394636497 136
1725257452838 0.00017793485312722623 137
1725257452893 0.00016377193969674408 138
1725257452958 0.00015326865832321346 139
1725257453033 0.00014653574908152223 140
1725257453130 0.00014368558186106384 141
1725257453207 0.00014483174891211092 142
1725257453316 0.0001500887010479346 143
1725257453427 0.00015957144205458462 144
1725257453524 0.0001733945682644844 145
1725257453601 0.0001916721521411091 146
