1725257438490 6620840.5 0
1725257438612 6608507.5 1
1725257438688 6596192.0 2
1725257438781 6583893.5 3
1725257438848 6571609.0 4
1725257438925 6559336.0 5
1725257438991 6547073.0 6
1725257439059 6534815.5 7
1725257439140 6522561.0 8
1725257439206 6510305.0 9
1725257439267 6498045.0 10
1725257439337 6485774.5 11
1725257439412 6473491.0 12
1725257439480 6461190.0 13
1725257439545 6448866.0 14
1725257439612 6436515.0 15
1725257439701 6424132.0 16
1725257439773 6411712.0 17
1725257439832 6399251.0 18
1725257439902 6386742.0 19
1725257439973 6374182.0 20
1725257440040 6361565.0 21
1725257440123 6348887.0 22
1725257440197 6336141.0 23
1725257440272 6323323.0 24
1725257440348 6310427.0 25
1725257440418 6297449.0 26
1725257440495 6284383.0 27
1725257440580 6271223.0 28
1725257440648 6257965.5 29
1725257440713 6244603.0 30
1725257440802 6231132.0 31
1725257440857 6217546.0 32
1725257440928 6203840.0 33
1725257441006 6190008.0 34
1725257441065 6176046.0 35
1725257441147 6161947.0 36
1725257441212 6147707.0 37
1725257441288 6133320.0 38
1725257441372 6118779.5 39
1725257441436 6104082.0 40
1725257441516 6089220.5 41
1725257441586 6074190.0 42
1725257441655 6058984.5 43
1725257441729 6043600.0 44
1725257441814 6028029.0 45
1725257441884 6012266.5 46
1725257441988 5996307.5 47
1725257442075 5980146.0 48
1725257442173 5963777.0 49
1725257442258 5947195.0 50
1725257442319 5930393.0 51
1725257442386 5913367.5 52
1725257442462 5896111.0 53
1725257442533 5878620.0 54
1725257442606 5860887.0 55
1725257442678 5842907.5 56
1725257442745 5824675.5 57
1725257442807 5806186.0 58
1725257442881 5787433.0 59
1725257442959 5768410.0 60
1725257443045 5749113.5 61
1725257443115 5729537.0 62
1725257443178 5709674.5 63
1725257443242 5689521.0 64
1725257443306 5669071.0 65
1725257443378 5648318.0 66
1725257443464 5627259.0 67
1725257443539 5605886.0 68
1725257443608 5584194.5 69
1725257443693 5562180.0 70
1725257443772 5539836.0 71
1725257443848 5517157.0 72
1725257443936 5494139.5 73
1725257444017 5470777.0 74
1725257444096 5447064.0 75
1725257444175 5422997.0 76
1725257444270 5398570.0 77
1725257444339 5373779.0 78
1725257444423 5348618.0 79
1725257444546 5323084.0 80
1725257444636 5297170.0 81
1725257444716 5270874.5 82
1725257444790 5244191.0 83
1725257444888 5217116.5 84
1725257444984 5189646.0 85
1725257445067 5161777.0 86
1725257445144 5133504.5 87
1725257445224 5104826.0 88
1725257445298 5075736.5 89
1725257445390 5046234.5 90
1725257445468 5016316.5 91
1725257445534 4985979.0 92
1725257445619 4955221.0 93
1725257445695 4924039.0 94
1725257445771 4892431.5 95
1725257445877 4860396.5 96
1725257445944 4827933.0 97
1725257446022 4795039.0 98
1725257446091 4761715.0 99
1725257449970 4727959.5 100
1725257450065 4693773.5 101
1725257450155 4659155.5 102
1725257450226 4624107.5 103
1725257450293 4588630.5 104
1725257450363 4552726.0 105
1725257450456 4516395.5 106
1725257450529 4479641.0 107
1725257450589 4442466.0 108
1725257450662 4404874.0 109
1725257450751 4366868.0 110
1725257450845 4328453.0 111
1725257450938 4289633.5 112
1725257451017 4250415.0 113
1725257451102 4210803.0 114
1725257451164 4170803.0 115
1725257451254 4130423.5 116
1725257451375 4089671.5 117
1725257451443 4048554.75 118
1725257451508 4007081.75 119
1725257451600 3965261.75 120
1725257451699 3923104.5 121
1725257451767 3880620.5 122
1725257451838 3837820.0 123
1725257451912 3794715.0 124
1725257451995 3751317.5 125
1725257452056 3707639.75 126
1725257452123 3663695.0 127
1725257452190 3619497.25 128
1725257452260 3575060.5 129
1725257452332 3530400.25 130
1725257452404 3485531.0 131
1725257452484 3440469.0 132
1725257452550 3395231.5 133
1725257452621 3349834.5 134
1725257452704 3304295.5 135
1725257452764 3258632.5 136
1725257452837 3212864.25 137
1725257452892 3167009.0 138
1725257452957 3121086.0 139
1725257453032 3075114.75 140
1725257453129 3029115.0 141
1725257453207 2983106.75 142
1725257453315 2937110.25 143
1725257453426 2891146.0 144
1725257453523 2845234.5 145
1725257453600 2799396.75 146
