1725257438489 4.313998942961916e-06 0
1725257438611 4.3760928747360595e-06 1
1725257438687 4.440428710950073e-06 2
1725257438780 4.511551196628716e-06 3
1725257438848 4.592042387230322e-06 4
1725257438924 4.681909103965154e-06 5
1725257438990 4.78010861115763e-06 6
1725257439058 4.885472208115971e-06 7
1725257439139 4.996720235794783e-06 8
1725257439205 5.112504823046038e-06 9
1725257439266 5.231491741142236e-06 10
1725257439337 5.352455445972737e-06 11
1725257439411 5.474327281262958e-06 12
1725257439480 5.59618911211146e-06 13
1725257439544 5.717246494896244e-06 14
1725257439611 5.836795025970787e-06 15
1725257439700 5.954198968538549e-06 16
1725257439772 6.068889888410922e-06 17
1725257439831 6.180345735629089e-06 18
1725257439901 6.2880953919375315e-06 19
1725257439972 6.3917091210896615e-06 20
1725257440039 6.490817668236559e-06 21
1725257440122 6.585111805179622e-06 22
1725257440196 6.674367796222214e-06 23
1725257440272 6.7584319367597345e-06 24
1725257440347 6.837218734290218e-06 25
1725257440418 6.910697720741155e-06 26
1725257440494 6.978879810048966e-06 27
1725257440579 7.041794560791459e-06 28
1725257440648 7.099495633156039e-06 29
1725257440713 7.152051693992689e-06 30
1725257440802 7.199560968729202e-06 31
1725257440856 7.242145784402965e-06 32
1725257440928 7.2799684858182445e-06 33
1725257441006 7.3132246143359225e-06 34
1725257441064 7.342141543631442e-06 35
1725257441146 7.3669680205057375e-06 36
1725257441212 7.387974619632587e-06 37
1725257441287 7.4054469223483466e-06 38
1725257441371 7.419676876452286e-06 39
1725257441435 7.430960067722481e-06 40
1725257441515 7.439597538905218e-06 41
1725257441585 7.4458848757785745e-06 42
1725257441655 7.450108569173608e-06 43
1725257441728 7.452558293152833e-06 44
1725257441813 7.4535068961267825e-06 45
1725257441884 7.4532263170112856e-06 46
1725257441987 7.451970304828137e-06 47
1725257442074 7.449988970620325e-06 48
1725257442172 7.447514235536801e-06 49
1725257442257 7.444768925779499e-06 50
1725257442318 7.44195813240367e-06 51
1725257442385 7.43928558222251e-06 52
1725257442461 7.436931809934322e-06 53
1725257442532 7.435066891048336e-06 54
1725257442605 7.433851806126768e-06 55
1725257442678 7.43343753129011e-06 56
1725257442744 7.433962764480384e-06 57
1725257442806 7.435554380208487e-06 58
1725257442880 7.438332886522403e-06 59
1725257442958 7.442405603796942e-06 60
1725257443044 7.44787803341751e-06 61
1725257443114 7.4548370321281254e-06 62
1725257443177 7.463364454451948e-06 63
1725257443241 7.473537152691279e-06 64
1725257443305 7.485419700969942e-06 65
1725257443378 7.499073944927659e-06 66
1725257443463 7.51455127101508e-06 67
1725257443538 7.531899427704047e-06 68
1725257443607 7.55115343054058e-06 69
1725257443692 7.5723487498180475e-06 70
1725257443771 7.595509941893397e-06 71
1725257443847 7.620655196660664e-06 72
1725257443935 7.647809070476796e-06 73
1725257444016 7.676982022530865e-06 74
1725257444095 7.708187695243396e-06 75
1725257444174 7.741442459519021e-06 76
1725257444269 7.776757229294162e-06 77
1725257444338 7.814143827999942e-06 78
1725257444422 7.853619536035694e-06 79
1725257444545 7.895199814811349e-06 80
1725257444635 7.938902854220942e-06 81
1725257444715 7.984754120116122e-06 82
1725257444789 8.032778168853838e-06 83
1725257444887 8.083003194769844e-06 84
1725257444984 8.135468306136318e-06 85
1725257445066 8.19021079223603e-06 86
1725257445143 8.247277946793474e-06 87
1725257445223 8.30672070151195e-06 88
1725257445297 8.36860272102058e-06 89
1725257445389 8.432985850959085e-06 90
1725257445467 8.499950126861222e-06 91
1725257445533 8.569573765271343e-06 92
1725257445618 8.64194953464903e-06 93
1725257445694 8.717186574358493e-06 94
1725257445770 8.795391295279842e-06 95
1725257445876 8.876688298187219e-06 96
1725257445943 8.9612194642541e-06 97
1725257446021 9.049137588590384e-06 98
1725257446090 9.140609108726494e-06 99
1725257449969 9.235820471076295e-06 100
1725257450065 9.334977221442387e-06 101
1725257450154 9.438303095521405e-06 102
1725257450225 9.54604911385104e-06 103
1725257450292 9.658482667873614e-06 104
1725257450362 9.775900252861902e-06 105
1725257450455 9.898618372972123e-06 106
1725257450528 1.0026989912148565e-05 107
1725257450588 1.0161379577766638e-05 108
1725257450661 1.0302197551936843e-05 109
1725257450750 1.0449868568684906e-05 110
1725257450844 1.060485556081403e-05 111
1725257450937 1.0767646926979069e-05 112
1725257451016 1.0938756531686522e-05 113
1725257451101 1.1118744623672683e-05 114
1725257451163 1.1308187822578475e-05 115
1725257451253 1.1507696399348788e-05 116
1725257451374 1.1717915185727179e-05 117
1725257451442 1.1939512660319451e-05 118
1725257451507 1.2173175491625443e-05 119
1725257451599 1.2419631275406573e-05 120
1725257451699 1.267958759854082e-05 121
1725257451766 1.2953798432135954e-05 122
1725257451837 1.3243012290331535e-05 123
1725257451911 1.354798769170884e-05 124
1725257451994 1.3869510439690202e-05 125
1725257452056 1.4208388165570796e-05 126
1725257452123 1.4565463061444461e-05 127
1725257452189 1.4941610970709007e-05 128
1725257452259 1.5337740478571504e-05 129
1725257452331 1.5754802006995305e-05 130
1725257452403 1.6193798728636466e-05 131
1725257452483 1.665576928644441e-05 132
1725257452549 1.7141785065177828e-05 133
1725257452620 1.765298657119274e-05 134
1725257452703 1.8190556147601455e-05 135
1725257452763 1.8755723431240767e-05 136
1725257452836 1.9349758076714352e-05 137
1725257452891 1.997400977415964e-05 138
1725257452956 2.0629859136533923e-05 139
1725257453031 2.1318750441423617e-05 140
1725257453128 2.2042184355086647e-05 141
1725257453206 2.280173430335708e-05 142
1725257453314 2.3599015548825264e-05 143
1725257453425 2.443573066557292e-05 144
1725257453522 2.5313613150501624e-05 145
1725257453599 2.6234465622110292e-05 146
