1725257438490 1.4833036402706057e-05 0
1725257438611 1.4672614270239137e-05 1
1725257438687 1.4513811038341373e-05 2
1725257438781 1.436037928215228e-05 3
1725257438848 1.421359229425434e-05 4
1725257438925 1.4072343219595496e-05 5
1725257438991 1.3936284631199669e-05 6
1725257439058 1.380586763843894e-05 7
1725257439139 1.3681712516699918e-05 8
1725257439205 1.3564285836764611e-05 9
1725257439267 1.3453798601403832e-05 10
1725257439337 1.3350289918889757e-05 11
1725257439411 1.3253764336695895e-05 12
1725257439480 1.3164257325115614e-05 13
1725257439545 1.3081842553219758e-05 14
1725257439612 1.300658823311096e-05 15
1725257439700 1.2938526197103783e-05 16
1725257439772 1.287763734580949e-05 17
1725257439831 1.2823820725316182e-05 18
1725257439902 1.2776925359503366e-05 19
1725257439973 1.2736731150653213e-05 20
1725257440040 1.2702978892775718e-05 21
1725257440123 1.2675376638071612e-05 22
1725257440196 1.2653638805204537e-05 23
1725257440272 1.2637473446375225e-05 24
1725257440347 1.2626609532162547e-05 25
1725257440418 1.2620810593944043e-05 26
1725257440495 1.261985016753897e-05 27
1725257440580 1.262352270714473e-05 28
1725257440648 1.2631635399884544e-05 29
1725257440713 1.2644008165807463e-05 30
1725257440802 1.2660477295867167e-05 31
1725257440856 1.2680882718996145e-05 32
1725257440928 1.2705078916042112e-05 33
1725257441006 1.2732937648252118e-05 34
1725257441065 1.276431794394739e-05 35
1725257441147 1.2799103387806099e-05 36
1725257441212 1.2837170288548805e-05 37
1725257441287 1.2878395864390768e-05 38
1725257441371 1.292266279051546e-05 39
1725257441436 1.2969858289579861e-05 40
1725257441516 1.3019860489293933e-05 41
1725257441586 1.3072557521809358e-05 42
1725257441655 1.3127827514836099e-05 43
1725257441729 1.3185552234062925e-05 44
1725257441814 1.324561526416801e-05 45
1725257441884 1.3307906556292437e-05 46
1725257441988 1.3372307876124978e-05 47
1725257442075 1.3438713722280227e-05 48
1725257442173 1.350700949842576e-05 49
1725257442258 1.3577097888628487e-05 50
1725257442319 1.3648868844029494e-05 51
1725257442386 1.3722241419600323e-05 52
1725257442461 1.3797134670312516e-05 53
1725257442532 1.3873455827706493e-05 54
1725257442606 1.395115123159485e-05 55
1725257442678 1.4030158126843162e-05 56
1725257442745 1.4110427400737535e-05 57
1725257442807 1.4191922673489898e-05 58
1725257442880 1.4274615750764497e-05 59
1725257442958 1.4358492990140803e-05 60
1725257443044 1.4443553482124116e-05 61
1725257443114 1.4529796317219734e-05 62
1725257443177 1.46172433233005e-05 63
1725257443242 1.4705910871271044e-05 64
1725257443306 1.479584079788765e-05 65
1725257443378 1.488708130636951e-05 66
1725257443464 1.4979688785388134e-05 67
1725257443538 1.5073739632498473e-05 68
1725257443607 1.5169300240813754e-05 69
1725257443693 1.526646883576177e-05 70
1725257443771 1.536534182378091e-05 71
1725257443848 1.546602652524598e-05 72
1725257443936 1.5568637536489405e-05 73
1725257444016 1.5673293091822416e-05 74
1725257444095 1.5780122339492664e-05 75
1725257444175 1.588926897966303e-05 76
1725257444270 1.6000871255528182e-05 77
1725257444339 1.6115071048261598e-05 78
1725257444423 1.6232026609941386e-05 79
1725257444545 1.6351892554666847e-05 80
1725257444636 1.6474830772494897e-05 81
1725257444715 1.660100679146126e-05 82
1725257444789 1.6730595234548673e-05 83
1725257444888 1.6863767086761072e-05 84
1725257444984 1.70006987900706e-05 85
1725257445066 1.714158133836463e-05 86
1725257445144 1.7286605725530535e-05 87
1725257445223 1.743595566949807e-05 88
1725257445297 1.7589851267985068e-05 89
1725257445389 1.7748490790836513e-05 90
1725257445467 1.791209797374904e-05 91
1725257445533 1.808089109545108e-05 92
1725257445618 1.8255104805575684e-05 93
1725257445695 1.8434990124660544e-05 94
1725257445771 1.8620794435264543e-05 95
1725257445876 1.881278512883e-05 96
1725257445944 1.9011236872756854e-05 97
1725257446021 1.9216438886360265e-05 98
1725257446091 1.9428693121881224e-05 99
1725257449970 1.9648308807518333e-05 100
1725257450065 1.9875620637321845e-05 101
1725257450155 2.0110966943320818e-05 102
1725257450225 2.0354713342385367e-05 103
1725257450292 2.0607232727343217e-05 104
1725257450363 2.0868912542937323e-05 105
1725257450456 2.1140152966836467e-05 106
1725257450528 2.1421379642561078e-05 107
1725257450588 2.1713034584536217e-05 108
1725257450661 2.2015563445165753e-05 109
1725257450750 2.232942460977938e-05 110
1725257450844 2.2655114662484266e-05 111
1725257450938 2.2993124730419368e-05 112
1725257451017 2.3343967768596485e-05 113
1725257451102 2.3708185835857876e-05 114
1725257451164 2.40863228100352e-05 115
1725257451253 2.4478942577843554e-05 116
1725257451375 2.488662357791327e-05 117
1725257451442 2.5309962438768707e-05 118
1725257451507 2.5749546693987213e-05 119
1725257451599 2.6205991161987185e-05 120
1725257451699 2.667988883331418e-05 121
1725257451767 2.7171829060534947e-05 122
1725257451838 2.7682395739248022e-05 123
1725257451912 2.821215457515791e-05 124
1725257451995 2.8761656722053885e-05 125
1725257452056 2.9331480618566275e-05 126
1725257452123 2.9922159228590317e-05 127
1725257452190 3.053426917176694e-05 128
1725257452260 3.1168354325927794e-05 129
1725257452331 3.1824951292946935e-05 130
1725257452404 3.2504642149433494e-05 131
1725257452483 3.320795076433569e-05 132
1725257452549 3.3935397368622944e-05 133
1725257452620 3.4687524021137506e-05 134
1725257452704 3.5464836400933564e-05 135
1725257452763 3.62678401870653e-05 136
1725257452836 3.709696466103196e-05 137
1725257452892 3.795271913986653e-05 138
1725257452957 3.883550380123779e-05 139
1725257453031 3.974574792664498e-05 140
1725257453129 4.068380803801119e-05 141
1725257453206 4.165009886492044e-05 142
1725257453315 4.264496237738058e-05 143
1725257453426 4.366874054539949e-05 144
1725257453523 4.4721738959196955e-05 145
1725257453600 4.580427776090801e-05 146
