1725257438489 6620876.5 0
1725257438610 6608543.5 1
1725257438686 6596228.0 2
1725257438780 6583929.5 3
1725257438847 6571645.0 4
1725257438923 6559372.0 5
1725257438990 6547109.0 6
1725257439057 6534851.5 7
1725257439138 6522597.0 8
1725257439204 6510341.0 9
1725257439266 6498081.0 10
1725257439336 6485810.5 11
1725257439411 6473527.0 12
1725257439479 6461226.0 13
1725257439544 6448902.0 14
1725257439611 6436551.0 15
1725257439699 6424168.0 16
1725257439771 6411748.0 17
1725257439830 6399287.0 18
1725257439900 6386778.0 19
1725257439972 6374218.0 20
1725257440039 6361601.0 21
1725257440122 6348923.0 22
1725257440195 6336177.0 23
1725257440271 6323359.0 24
1725257440346 6310463.0 25
1725257440417 6297485.0 26
1725257440494 6284419.0 27
1725257440579 6271259.0 28
1725257440647 6258001.5 29
1725257440712 6244639.0 30
1725257440801 6231168.0 31
1725257440855 6217582.0 32
1725257440927 6203876.0 33
1725257441005 6190044.0 34
1725257441064 6176082.0 35
1725257441146 6161983.0 36
1725257441211 6147743.0 37
1725257441286 6133356.0 38
1725257441370 6118815.5 39
1725257441435 6104118.0 40
1725257441515 6089256.5 41
1725257441585 6074226.0 42
1725257441654 6059020.5 43
1725257441728 6043636.0 44
1725257441813 6028065.0 45
1725257441883 6012302.5 46
1725257441986 5996343.5 47
1725257442073 5980182.0 48
1725257442171 5963813.0 49
1725257442256 5947231.0 50
1725257442318 5930429.0 51
1725257442385 5913403.5 52
1725257442460 5896147.0 53
1725257442531 5878656.0 54
1725257442605 5860923.0 55
1725257442677 5842943.5 56
1725257442744 5824711.5 57
1725257442806 5806222.0 58
1725257442879 5787469.0 59
1725257442957 5768446.0 60
1725257443043 5749149.5 61
1725257443113 5729573.0 62
1725257443176 5709710.5 63
1725257443241 5689557.0 64
1725257443305 5669107.0 65
1725257443377 5648354.0 66
1725257443463 5627295.0 67
1725257443537 5605922.0 68
1725257443606 5584230.5 69
1725257443692 5562216.0 70
1725257443770 5539872.0 71
1725257443847 5517193.0 72
1725257443935 5494175.5 73
1725257444015 5470813.0 74
1725257444094 5447100.0 75
1725257444174 5423033.0 76
1725257444269 5398606.0 77
1725257444338 5373815.0 78
1725257444421 5348654.0 79
1725257444544 5323120.0 80
1725257444635 5297206.0 81
1725257444714 5270910.5 82
1725257444788 5244227.0 83
1725257444887 5217152.5 84
1725257444983 5189682.0 85
1725257445065 5161813.0 86
1725257445143 5133540.5 87
1725257445222 5104862.0 88
1725257445296 5075772.5 89
1725257445388 5046270.5 90
1725257445466 5016352.5 91
1725257445532 4986015.0 92
1725257445617 4955257.0 93
1725257445694 4924075.0 94
1725257445770 4892467.5 95
1725257445875 4860432.5 96
1725257445943 4827969.0 97
1725257446020 4795075.0 98
1725257446090 4761751.0 99
1725257449968 4727995.5 100
1725257450064 4693809.5 101
1725257450153 4659191.5 102
1725257450224 4624143.5 103
1725257450291 4588666.5 104
1725257450361 4552761.5 105
1725257450455 4516431.0 106
1725257450527 4479676.5 107
1725257450587 4442501.5 108
1725257450660 4404909.5 109
1725257450749 4366903.5 110
1725257450843 4328488.5 111
1725257450937 4289669.0 112
1725257451016 4250450.5 113
1725257451101 4210838.5 114
1725257451163 4170838.5 115
1725257451252 4130459.0 116
1725257451374 4089707.0 117
1725257451441 4048590.25 118
1725257451506 4007117.25 119
1725257451598 3965297.25 120
1725257451698 3923139.75 121
1725257451765 3880655.75 122
1725257451836 3837855.25 123
1725257451911 3794750.25 124
1725257451993 3751352.75 125
1725257452055 3707675.0 126
1725257452122 3663730.25 127
1725257452189 3619532.5 128
1725257452258 3575095.75 129
1725257452330 3530435.5 130
1725257452403 3485566.25 131
1725257452482 3440504.25 132
1725257452548 3395266.75 133
1725257452619 3349869.75 134
1725257452702 3304330.75 135
1725257452762 3258667.75 136
1725257452835 3212899.5 137
1725257452891 3167044.25 138
1725257452955 3121121.25 139
1725257453030 3075150.0 140
1725257453128 3029150.25 141
1725257453205 2983142.0 142
1725257453314 2937145.5 143
1725257453425 2891181.25 144
1725257453522 2845269.75 145
1725257453599 2799432.0 146
