1724570452269 31.39773178100586 0
1724570609918 58.92557907104492 2500
1724570743382 56.96583557128906 5000
1724570877661 50.18488693237305 7500
1724571016583 112.14994049072266 10000
1724571158837 168.21334838867188 12500
1724571295799 216.89813232421875 15000
1724571437161 555.5248413085938 17500
1724571580450 362.5103454589844 20000
1724571724540 279.23114013671875 22500
1724571872941 272.66058349609375 25000
1724572012462 537.746337890625 27500
1724572153665 663.6585083007812 30000
1724572296604 639.0743408203125 32500
1724572434327 683.0899047851562 35000
1724572577645 647.6876220703125 37500
1724572725095 800.43310546875 40000
1724572868834 634.0128173828125 42500
1724573007314 715.3240356445312 45000
1724573147853 915.5407104492188 47500
1724573293020 944.3395385742188 50000
1724573440271 616.5004272460938 52500
1724573588932 580.0946655273438 55000
1724573727733 815.1134033203125 57500
1724573862901 517.072509765625 60000
1724573996428 578.7131958007812 62500
1724574136498 742.0469970703125 65000
1724574278929 697.7962646484375 67500
1724574417940 575.9614868164062 70000
1724574570487 508.17694091796875 72500
1724574721762 462.85577392578125 75000
1724574856066 469.818359375 77500
1724575006851 437.9283752441406 80000
1724575151355 513.4525146484375 82500
1724575293572 510.0885314941406 85000
1724575432983 503.76617431640625 87500
1724575568437 551.838623046875 90000
1724575702383 648.197509765625 92500
1724575835732 870.0845947265625 95000
1724575971091 628.3231201171875 97500
1724576105544 895.1844482421875 99999
