1724570452269 0.15840713679790497 0
1724570609918 333.6111755371094 2500
1724570743382 303.5600280761719 5000
1724570877661 357.4433898925781 7500
1724571016583 288.1620788574219 10000
1724571158837 181.9456787109375 12500
1724571295798 122.36263275146484 15000
1724571437161 269.89959716796875 17500
1724571580450 80.9111099243164 20000
1724571724540 82.22140502929688 22500
1724571872940 103.51398468017578 25000
1724572012462 147.3937530517578 27500
1724572153664 228.7946014404297 30000
1724572296604 223.51913452148438 32500
1724572434327 238.83474731445312 35000
1724572577644 243.9773712158203 37500
1724572725095 237.96153259277344 40000
1724572868834 256.96978759765625 42500
1724573007313 259.1896667480469 45000
1724573147852 439.5688171386719 47500
1724573293019 346.12921142578125 50000
1724573440271 218.1511993408203 52500
1724573588931 342.0082092285156 55000
1724573727733 478.56585693359375 57500
1724573862901 264.0867004394531 60000
1724573996428 201.26231384277344 62500
1724574136497 109.63631439208984 65000
1724574278929 109.4444808959961 67500
1724574417939 67.15302276611328 70000
1724574570487 75.3020248413086 72500
1724574721762 82.7175064086914 75000
1724574856065 61.2275276184082 77500
1724575006851 236.33726501464844 80000
1724575151354 484.22747802734375 82500
1724575293572 599.67138671875 85000
1724575432983 490.94451904296875 87500
1724575568436 476.784912109375 90000
1724575702382 457.9293518066406 92500
1724575835731 377.0325622558594 95000
1724575971091 569.6739501953125 97500
1724576105544 400.1799621582031 99999
