1724570452269 13.324633598327637 0
1724570609917 40.8104133605957 2500
1724570743382 32.20287322998047 5000
1724570877660 40.55878448486328 7500
1724571016582 67.0549087524414 10000
1724571158836 52.20657730102539 12500
1724571295798 39.48179244995117 15000
1724571437160 112.36907958984375 17500
1724571580449 28.663408279418945 20000
1724571724540 29.27849578857422 22500
1724571872940 38.614688873291016 25000
1724572012461 120.59630584716797 27500
1724572153664 144.53065490722656 30000
1724572296603 140.0365753173828 32500
1724572434326 146.19247436523438 35000
1724572577644 145.59375 37500
1724572725095 138.81158447265625 40000
1724572868834 119.74616241455078 42500
1724573007313 130.17750549316406 45000
1724573147852 222.43080139160156 47500
1724573293019 160.23646545410156 50000
1724573440270 99.60010528564453 52500
1724573588931 163.70909118652344 55000
1724573727733 247.9987030029297 57500
1724573862900 119.22489166259766 60000
1724573996427 99.88595581054688 62500
1724574136496 73.15003967285156 65000
1724574278929 67.85009002685547 67500
1724574417939 49.13349533081055 70000
1724574570486 42.159027099609375 72500
1724574721762 35.682395935058594 75000
1724574856065 27.597929000854492 77500
1724575006850 122.60630798339844 80000
1724575151354 260.51129150390625 82500
1724575293571 320.57708740234375 85000
1724575432982 249.31007385253906 87500
1724575568436 238.0781707763672 90000
1724575702382 217.95375061035156 92500
1724575835731 150.9226531982422 95000
1724575971090 248.5049591064453 97500
1724576105544 173.16273498535156 99999
