1724570452266 2276.253662109375 0
1724570609915 31705.095703125 2500
1724570743379 19355.376953125 5000
1724570877658 15022.73046875 7500
1724571016579 42858.27734375 10000
1724571158834 33599.91015625 12500
1724571295795 37989.859375 15000
1724571437157 160745.59375 17500
1724571580447 78035.3828125 20000
1724571724537 47185.0546875 22500
1724571872937 40318.15625 25000
1724572012459 224010.75 27500
1724572153661 313648.875 30000
1724572296601 302921.25 32500
1724572434324 321267.96875 35000
1724572577641 352189.5 37500
1724572725092 439210.8125 40000
1724572868831 445316.25 42500
1724573007311 546864.3125 45000
1724573147850 760382.25 47500
1724573293016 732886.5 50000
1724573440268 570775.75 52500
1724573588928 663388.75 55000
1724573727730 707860.875 57500
1724573862898 532295.125 60000
1724573996425 638421.0625 62500
1724574136493 406901.40625 65000
1724574278926 354328.03125 67500
1724574417936 219087.828125 70000
1724574570484 200117.734375 72500
1724574721759 189229.625 75000
1724574856063 174724.78125 77500
1724575006848 433226.4375 80000
1724575151351 537519.9375 82500
1724575293569 492711.25 85000
1724575432980 470579.5 87500
1724575568433 483140.8125 90000
1724575702379 502712.6875 92500
1724575835728 393362.78125 95000
1724575971088 545545.5 97500
1724576105541 600096.625 99999
