1724570452268 0.27544692158699036 0
1724570609917 169.3835906982422 2500
1724570743381 150.90736389160156 5000
1724570877660 164.36297607421875 7500
1724571016581 97.81840515136719 10000
1724571158835 44.903038024902344 12500
1724571295797 23.360326766967773 15000
1724571437159 60.889610290527344 17500
1724571580449 18.663606643676758 20000
1724571724539 11.088547706604004 22500
1724571872939 18.561809539794922 25000
1724572012461 17.996986389160156 27500
1724572153663 17.693084716796875 30000
1724572296602 16.270483016967773 32500
1724572434325 20.75339698791504 35000
1724572577643 28.543636322021484 37500
1724572725094 35.53183364868164 40000
1724572868833 29.57802391052246 42500
1724573007312 19.515052795410156 45000
1724573147851 81.1001205444336 47500
1724573293018 50.57102966308594 50000
1724573440269 18.491445541381836 52500
1724573588930 33.04389190673828 55000
1724573727732 81.37539672851562 57500
1724573862899 11.727535247802734 60000
1724573996427 9.777085304260254 62500
1724574136495 10.182929039001465 65000
1724574278928 4.773054122924805 67500
1724574417938 4.0930047035217285 70000
1724574570486 1.520154595375061 72500
1724574721761 4.010427474975586 75000
1724574856064 7.322226524353027 77500
1724575006849 74.43411254882812 80000
1724575151353 134.25416564941406 82500
1724575293571 202.28382873535156 85000
1724575432982 155.40126037597656 87500
1724575568435 127.54449462890625 90000
1724575702381 130.0678253173828 92500
1724575835730 75.34942626953125 95000
1724575971090 150.02752685546875 97500
1724576105543 84.11519622802734 99999
