1724570452268 1.2090309858322144 0
1724570609917 40.1089973449707 2500
1724570743381 23.737945556640625 5000
1724570877660 21.75462532043457 7500
1724571016582 26.463729858398438 10000
1724571158836 35.02096939086914 12500
1724571295797 58.815860748291016 15000
1724571437160 39.37154006958008 17500
1724571580449 89.62627410888672 20000
1724571724539 73.03258514404297 22500
1724571872940 50.51921081542969 25000
1724572012461 151.42044067382812 27500
1724572153663 105.024169921875 30000
1724572296603 111.86707305908203 32500
1724572434326 100.61353302001953 35000
1724572577644 80.95960235595703 37500
1724572725094 87.60804748535156 40000
1724572868833 94.2747573852539 42500
1724573007313 169.20956420898438 45000
1724573147852 108.27025604248047 47500
1724573293018 147.84986877441406 50000
1724573440270 198.1807403564453 52500
1724573588931 105.89308166503906 55000
1724573727732 39.79399871826172 57500
1724573862900 237.9423370361328 60000
1724573996427 308.9407958984375 62500
1724574136496 403.363037109375 65000
1724574278928 335.6008605957031 67500
1724574417939 350.8456115722656 70000
1724574570486 231.54859924316406 72500
1724574721761 147.73245239257812 75000
1724574856065 117.03540802001953 77500
1724575006850 48.89379119873047 80000
1724575151353 60.92177963256836 82500
1724575293571 95.93896484375 85000
1724575432982 64.90502166748047 87500
1724575568435 60.74876022338867 90000
1724575702381 59.158103942871094 92500
1724575835730 61.16731262207031 95000
1724575971090 52.55603790283203 97500
1724576105543 66.18114471435547 99999
