1724570452267 8.725781440734863 0
1724570609916 34.61103439331055 2500
1724570743380 26.926958084106445 5000
1724570877659 25.797019958496094 7500
1724571016581 34.49432373046875 10000
1724571158835 26.232906341552734 12500
1724571295797 29.353586196899414 15000
1724571437159 30.63479232788086 17500
1724571580448 31.901548385620117 20000
1724571724538 28.57273292541504 22500
1724571872939 22.61423110961914 25000
1724572012460 72.59282684326172 27500
1724572153663 37.97126007080078 30000
1724572296602 36.63525390625 32500
1724572434325 35.76737594604492 35000
1724572577643 31.07589340209961 37500
1724572725093 38.20417404174805 40000
1724572868833 21.389205932617188 42500
1724573007312 35.27574920654297 45000
1724573147851 41.824745178222656 47500
1724573293017 41.42085266113281 50000
1724573440269 41.605464935302734 52500
1724573588930 23.889585494995117 55000
1724573727731 30.221168518066406 57500
1724573862899 48.12102508544922 60000
1724573996426 78.12132263183594 62500
1724574136495 95.00955963134766 65000
1724574278927 68.97867584228516 67500
1724574417938 67.01067352294922 70000
1724574570485 43.83023452758789 72500
1724574721760 23.594470977783203 75000
1724574856064 14.958146095275879 77500
1724575006849 33.81635665893555 80000
1724575151353 60.83759689331055 82500
1724575293570 91.0052261352539 85000
1724575432981 64.26558685302734 87500
1724575568435 55.10712814331055 90000
1724575702381 52.31565856933594 92500
1724575835729 38.262569427490234 95000
1724575971089 54.71026611328125 97500
1724576105543 47.247562408447266 99999
