1724570452265 13002311680.0 0
1724570609914 23537370.0 2500
1724570743378 6472703.5 5000
1724570877657 3258127.75 7500
1724571016579 10280985.0 10000
1724571158833 9153563.0 12500
1724571295794 8812065.0 15000
1724571437157 8490372.0 17500
1724571580446 76260064.0 20000
1724571724536 14607684.0 22500
1724571872936 3515465.5 25000
1724572012458 137892256.0 27500
1724572153660 26111732.0 30000
1724572296600 18778572.0 32500
1724572434323 14212900.0 35000
1724572577640 28214376.0 37500
1724572725091 11730258.0 40000
1724572868830 50840812.0 42500
1724573007309 69541472.0 45000
1724573147849 47250224.0 47500
1724573293015 43011156.0 50000
1724573440267 29991244.0 52500
1724573588928 15092356.0 55000
1724573727729 24563506.0 57500
1724573862896 60597768.0 60000
1724573996424 96477920.0 62500
1724574136492 123869360.0 65000
1724574278925 72940168.0 67500
1724574417935 72841096.0 70000
1724574570483 17268782.0 72500
1724574721758 5234200.5 75000
1724574856062 3747489.75 77500
1724575006847 19239846.0 80000
1724575151351 28777616.0 82500
1724575293568 32189956.0 85000
1724575432979 11575200.0 87500
1724575568432 9795375.0 90000
1724575702378 8169345.0 92500
1724575835727 6693223.5 95000
1724575971087 39697672.0 97500
1724576105541 12630608.0 99999
