1724570452267 39006928896.0 0
1724570609916 70557760.0 2500
1724570743380 19386072.0 5000
1724570877659 9748813.0 7500
1724571016580 30766362.0 10000
1724571158835 27402818.0 12500
1724571295796 26378382.0 15000
1724571437158 25196150.0 17500
1724571580448 228674736.0 20000
1724571724538 43756084.0 22500
1724571872938 10492562.0 25000
1724572012460 413362592.0 27500
1724572153662 77835968.0 30000
1724572296602 55856952.0 32500
1724572434324 42127264.0 35000
1724572577642 84083456.0 37500
1724572725093 34519192.0 40000
1724572868832 151834192.0 42500
1724573007311 207835712.0 45000
1724573147850 140467312.0 47500
1724573293017 127875616.0 50000
1724573440269 89156280.0 52500
1724573588929 44254148.0 55000
1724573727731 72514640.0 57500
1724573862899 181053648.0 60000
1724573996426 288617824.0 62500
1724574136494 371094912.0 65000
1724574278927 218393456.0 67500
1724574417937 218203328.0 70000
1724574570485 51530268.0 72500
1724574721760 15455435.0 75000
1724574856064 11012342.0 77500
1724575006849 57107376.0 80000
1724575151352 85425504.0 82500
1724575293570 95693864.0 85000
1724575432981 33956692.0 87500
1724575568434 28598908.0 90000
1724575702380 23677256.0 92500
1724575835729 19536746.0 95000
1724575971089 118200784.0 97500
1724576105542 37030756.0 99999
