1724570452266 7.573949337005615 0
1724570609915 21963.294921875 2500
1724570743379 12087.9287109375 5000
1724570877658 9886.5009765625 7500
1724571016580 33105.28125 10000
1724571158834 23763.81640625 12500
1724571295796 19332.9921875 15000
1724571437158 113147.9765625 17500
1724571580447 26782.2734375 20000
1724571724538 19277.244140625 22500
1724571872938 13009.9541015625 25000
1724572012459 89115.8046875 27500
1724572153662 184374.640625 30000
1724572296601 174676.09375 32500
1724572434324 188942.453125 35000
1724572577642 206308.78125 37500
1724572725092 231031.546875 40000
1724572868832 241763.90625 42500
1724573007311 240515.09375 45000
1724573147850 521171.65625 47500
1724573293017 423266.15625 50000
1724573440268 245482.671875 52500
1724573588929 358283.46875 55000
1724573727730 466325.59375 57500
1724573862898 206151.21875 60000
1724573996425 176214.328125 62500
1724574136494 104795.90625 65000
1724574278926 71426.4765625 67500
1724574417937 99722.59375 70000
1724574570484 75057.9765625 72500
1724574721760 57179.59375 75000
1724574856063 54703.77734375 77500
1724575006848 177977.078125 80000
1724575151352 368305.0625 82500
1724575293570 381471.46875 85000
1724575432981 296797.375 87500
1724575568434 302567.0 90000
1724575702380 326500.1875 92500
1724575835728 147987.171875 95000
1724575971088 344985.125 97500
1724576105542 259304.4375 99999
