1724564670853 0.0008888908196240664 0
1724564788670 0.0006056235870346427 2500
1724564905121 0.0003887843922711909 5000
1724565006569 0.00024540763115510345 7500
1724565125970 0.00018222416110802442 10000
1724565226001 0.0002046160225290805 12500
1724565339711 0.00032243909663520753 15000
1724565444468 0.0005470732576213777 17500
1724565545500 0.000872879521921277 20000
1724565646064 0.001269716420210898 22500
1724565747851 0.0017181863076984882 25000
1724565852630 0.002219898859038949 27500
1724565956066 0.002735493704676628 30000
1724566064313 0.0033323352690786123 32500
1724566169131 0.004011272918432951 35000
1724566267959 0.004806165117770433 37500
1724566372805 0.005735279992222786 40000
1724566472317 0.006796954665333033 42500
1724566569502 0.00801792461425066 45000
1724566669768 0.009337205439805984 47500
1724566768884 0.010879053734242916 50000
1724566867589 0.012689645402133465 52500
1724566969014 0.014746430329978466 55000
1724567073665 0.0167275071144104 57500
1724567180274 0.01934056170284748 60000
1724567289674 0.02158852480351925 62500
1724567396872 0.02420702949166298 65000
1724567504977 0.027100812643766403 67500
1724567609021 0.030291590839624405 70000
1724567707854 0.0337517186999321 72500
1724567804642 0.03732505068182945 75000
1724567902925 0.04059118777513504 77500
1724567999564 0.044462259858846664 80000
1724568099226 0.04883529990911484 82500
1724568197011 0.05358310416340828 85000
1724568297694 0.05922264978289604 87500
1724568399287 0.06460994482040405 90000
1724568502876 0.07041273266077042 92500
1724568611350 0.075029656291008 95000
1724568711503 0.08306575566530228 97500
1724568811892 0.08957242965698242 99999
