1724564670852 5086.0302734375 0
1724564788669 8.001220703125 2500
1724564905120 7.874728202819824 5000
1724565006568 7.737278938293457 7500
1724565125969 7.631528377532959 10000
1724565226000 7.514537334442139 12500
1724565339710 7.394076347351074 15000
1724565444467 7.279335975646973 17500
1724565545499 7.169443130493164 20000
1724565646063 7.072464942932129 22500
1724565747851 6.97474479675293 25000
1724565852630 6.884073257446289 27500
1724565956066 6.809942245483398 30000
1724566064312 6.743306636810303 32500
1724566169131 6.697324752807617 35000
1724566267958 6.639315128326416 37500
1724566372804 6.595922470092773 40000
1724566472316 6.568134784698486 42500
1724566569501 6.545289993286133 45000
1724566669767 6.522742748260498 47500
1724566768883 6.508980751037598 50000
1724566867588 6.504185676574707 52500
1724566969013 6.500061511993408 55000
1724567073665 6.482026100158691 57500
1724567180274 6.498250484466553 60000
1724567289673 6.468638896942139 62500
1724567396871 6.463274002075195 65000
1724567504976 6.458747863769531 67500
1724567609019 6.456429481506348 70000
1724567707853 6.451303482055664 72500
1724567804641 6.444829940795898 75000
1724567902925 6.461405277252197 77500
1724567999563 6.439523696899414 80000
1724568099225 6.431399822235107 82500
1724568197011 6.432285785675049 85000
1724568297694 6.440567970275879 87500
1724568399286 6.421350479125977 90000
1724568502874 6.419364929199219 92500
1724568611349 6.452737808227539 95000
1724568711502 6.415738582611084 97500
1724568811891 6.406991004943848 99999
