1724564670852 36257.43359375 0
1724564788669 0.0006124158971942961 2500
1724564905120 0.0005103818257339299 5000
1724565006568 0.0004984045517630875 7500
1724565125969 0.00027765074628405273 10000
1724565226000 0.0002769870625343174 12500
1724565339710 7.647166785318404e-05 15000
1724565444467 7.54182183300145e-05 17500
1724565545499 0.0001391954137943685 20000
1724565646064 0.00036986856139265 22500
1724565747851 0.0005013198242522776 25000
1724565852630 0.001132529811002314 27500
1724565956066 0.002192383399233222 30000
1724566064313 0.001817663898691535 32500
1724566169131 0.0026575946249067783 35000
1724566267959 0.002745064441114664 37500
1724566372804 0.0031669873278588057 40000
1724566472316 0.0037018125876784325 42500
1724566569502 0.004533510655164719 45000
1724566669768 0.004830174148082733 47500
1724566768884 0.0055124531500041485 50000
1724566867589 0.006343338172882795 52500
1724566969013 0.007160912733525038 55000
1724567073665 0.008173646405339241 57500
1724567180274 0.009227531962096691 60000
1724567289673 0.010654904879629612 62500
1724567396871 0.011349358595907688 65000
1724567504976 0.012283960357308388 67500
1724567609020 0.01653275638818741 70000
1724567707854 0.016695251688361168 72500
1724567804642 0.017048820853233337 75000
1724567902925 0.017229875549674034 77500
1724567999563 0.0178370364010334 80000
1724568099226 0.017908914014697075 82500
1724568197011 0.017617737874388695 85000
1724568297694 0.01706707291305065 87500
1724568399286 0.01651642471551895 90000
1724568502875 0.01566680334508419 92500
1724568611350 0.01493561826646328 95000
1724568711503 0.01473790593445301 97500
1724568811891 0.014277582056820393 99999
