1724564670849 0.00016300466086249799 0
1724564788666 3.1771025987836765e-07 2500
1724564905117 3.4234031431878975e-07 5000
1724565006565 3.6562585137289716e-07 7500
1724565125966 2.736106807788019e-07 10000
1724565225997 3.2294624929818383e-07 12500
1724565339707 2.7021627602152876e-07 15000
1724565444464 2.3343032751199644e-07 17500
1724565545496 2.4921726549109735e-07 20000
1724565646060 3.015619824964233e-07 22500
1724565747848 6.455500738411502e-07 25000
1724565852627 8.613384920863609e-07 27500
1724565956063 9.774115596883348e-07 30000
1724566064310 1.139526261795254e-06 32500
1724566169127 1.2136475788793177e-06 35000
1724566267955 1.584012693456316e-06 37500
1724566372801 1.5530094970017672e-06 40000
1724566472313 1.5614301673849695e-06 42500
1724566569499 1.662336558183597e-06 45000
1724566669764 1.5237544630508637e-06 47500
1724566768881 1.5750823649796075e-06 50000
1724566867586 1.6785702428023797e-06 52500
1724566969011 1.5048477735035704e-06 55000
1724567073662 1.4004465356265428e-06 57500
1724567180271 1.3285609838931123e-06 60000
1724567289670 1.3990278375786147e-06 62500
1724567396868 1.3154090083844494e-06 65000
1724567504972 1.2426118018993293e-06 67500
1724567609016 7.096438707776542e-07 70000
1724567707851 8.436039706793963e-07 72500
1724567804639 1.0807484613906126e-06 75000
1724567902922 1.070701728167478e-06 77500
1724567999560 1.1856401442855713e-06 80000
1724568099223 1.511338723503286e-06 82500
1724568197008 1.4092597666603979e-06 85000
1724568297691 1.4263960110838525e-06 87500
1724568399283 1.2609979194166954e-06 90000
1724568502872 1.0593429351501982e-06 92500
1724568611346 1.0911417120951228e-06 95000
1724568711499 1.1682552667480195e-06 97500
1724568811888 1.2785803846782073e-06 99999
