1724564670850 8.284629821777344 0
1724564788668 6.949836730957031 2500
1724564905119 4.061004161834717 5000
1724565006566 2.369884729385376 7500
1724565125967 2.123461961746216 10000
1724565225998 2.1157796382904053 12500
1724565339709 2.1113922595977783 15000
1724565444466 2.093484401702881 17500
1724565545498 2.0643413066864014 20000
1724565646062 2.0286595821380615 22500
1724565747849 1.9858673810958862 25000
1724565852628 1.9413987398147583 27500
1724565956064 1.8940781354904175 30000
1724566064311 1.841538667678833 32500
1724566169129 1.7839454412460327 35000
1724566267957 1.731173038482666 37500
1724566372803 1.6745492219924927 40000
1724566472314 1.6233091354370117 42500
1724566569500 1.5737183094024658 45000
1724566669765 1.5218355655670166 47500
1724566768882 1.4588818550109863 50000
1724566867587 1.4079456329345703 52500
1724566969012 1.344652533531189 55000
1724567073663 1.2908835411071777 57500
1724567180272 1.2307475805282593 60000
1724567289671 1.1720447540283203 62500
1724567396869 1.1087802648544312 65000
1724567504974 1.0536094903945923 67500
1724567609018 0.9959403872489929 70000
1724567707852 0.9473605155944824 72500
1724567804640 0.8960685133934021 75000
1724567902923 0.8397451043128967 77500
1724567999561 0.7999971508979797 80000
1724568099224 0.7659066319465637 82500
1724568197009 0.7168875336647034 85000
1724568297692 0.686481773853302 87500
1724568399285 0.6540992259979248 90000
1724568502873 0.6240770220756531 92500
1724568611348 0.5841363072395325 95000
1724568711501 0.5534788966178894 97500
1724568811890 0.5185914039611816 99999
