1724564670851 0.025868676602840424 0
1724564788669 0.07220955938100815 2500
1724564905120 0.12053312361240387 5000
1724565006567 0.15776947140693665 7500
1724565125968 0.16956856846809387 10000
1724565225999 0.1642574965953827 12500
1724565339710 0.15339122712612152 15000
1724565444467 0.1461152285337448 17500
1724565545499 0.13734181225299835 20000
1724565646063 0.12881925702095032 22500
1724565747850 0.11920153349637985 25000
1724565852629 0.11175139248371124 27500
1724565956065 0.10570576041936874 30000
1724566064312 0.10415142774581909 32500
1724566169130 0.10607375204563141 35000
1724566267958 0.11070509999990463 37500
1724566372803 0.11633029580116272 40000
1724566472315 0.12120141088962555 42500
1724566569501 0.12443428486585617 45000
1724566669767 0.12625600397586823 47500
1724566768883 0.13491348922252655 50000
1724566867588 0.13771943747997284 52500
1724566969013 0.13554510474205017 55000
1724567073664 0.1297597885131836 57500
1724567180273 0.12314806878566742 60000
1724567289672 0.11612353473901749 62500
1724567396870 0.10768415033817291 65000
1724567504975 0.09900308400392532 67500
1724567609019 0.09026457369327545 70000
1724567707853 0.08158236742019653 72500
1724567804641 0.07279596477746964 75000
1724567902924 0.06515844911336899 77500
1724567999562 0.0566004253923893 80000
1724568099225 0.04868624731898308 82500
1724568197010 0.042490433901548386 85000
1724568297693 0.035946063697338104 87500
1724568399285 0.030589990317821503 90000
1724568502874 0.02577398344874382 92500
1724568611349 0.021886326372623444 95000
1724568711502 0.018161362037062645 97500
1724568811891 0.01447506994009018 99999
