1724564670851 0.00530460337176919 0
1724564788668 0.0016171542229130864 2500
1724564905119 0.0013300719438120723 5000
1724565006567 0.0014163245214149356 7500
1724565125968 0.001487776287831366 10000
1724565225999 0.0011383959790691733 12500
1724565339709 0.0006537795998156071 15000
1724565444466 0.0009026171173900366 17500
1724565545498 0.0015540411695837975 20000
1724565646062 0.0026990503538399935 22500
1724565747850 0.004354581236839294 25000
1724565852629 0.006858833134174347 27500
1724565956065 0.010113020427525043 30000
1724566064312 0.014421319589018822 32500
1724566169129 0.019582930952310562 35000
1724566267957 0.026523668318986893 37500
1724566372803 0.033099669963121414 40000
1724566472315 0.040591850876808167 42500
1724566569500 0.050193458795547485 45000
1724566669766 0.06079047545790672 47500
1724566768882 0.07169294357299805 50000
1724566867588 0.08495021611452103 52500
1724566969012 0.09910836070775986 55000
1724567073664 0.1163741797208786 57500
1724567180273 0.1336219608783722 60000
1724567289672 0.1555863469839096 62500
1724567396870 0.17358998954296112 65000
1724567504974 0.19829504191875458 67500
1724567609018 0.22214920818805695 70000
1724567707852 0.24378368258476257 72500
1724567804641 0.2674146890640259 75000
1724567902924 0.28649529814720154 77500
1724567999562 0.3112312853336334 80000
1724568099225 0.33576709032058716 82500
1724568197010 0.3422538638114929 85000
1724568297693 0.3594515919685364 87500
1724568399285 0.3719976544380188 90000
1724568502873 0.38067132234573364 92500
1724568611348 0.3771423101425171 95000
1724568711501 0.37846142053604126 97500
1724568811890 0.3747336268424988 99999
