1724564670848 2245467.25 0
1724564788666 2124104.5 2500
1724564905116 2080184.75 5000
1724565006564 2038564.0 7500
1724565125965 2004006.5 10000
1724565225996 1960525.25 12500
1724565339707 1922394.0 15000
1724565444463 1888704.5 17500
1724565545496 1852470.5 20000
1724565646060 1815593.5 22500
1724565747847 1781684.5 25000
1724565852626 1751388.875 27500
1724565956062 1716691.125 30000
1724566064309 1689427.25 32500
1724566169126 1675078.75 35000
1724566267955 1626595.875 37500
1724566372801 1600589.875 40000
1724566472312 1569509.125 42500
1724566569498 1544672.75 45000
1724566669763 1517203.5 47500
1724566768880 1495647.625 50000
1724566867585 1468488.125 52500
1724566969010 1449887.625 55000
1724567073661 1420767.375 57500
1724567180270 1401222.875 60000
1724567289669 1376570.0 62500
1724567396867 1362102.625 65000
1724567504972 1346496.875 67500
1724567609015 1315660.75 70000
1724567707850 1300593.5 72500
1724567804638 1280291.25 75000
1724567902921 1260164.875 77500
1724567999559 1237900.5 80000
1724568099222 1218889.75 82500
1724568197007 1201619.0 85000
1724568297690 1187264.875 87500
1724568399282 1179888.0 90000
1724568502871 1161577.375 92500
1724568611346 1141582.75 95000
1724568711498 1125019.625 97500
1724568811888 1111887.0 99999
