1724564670850 6695049.5 0
1724564788667 6372298.0 2500
1724564905118 6240542.0 5000
1724565006566 6115681.5 7500
1724565125967 6012009.5 10000
1724565225998 5881566.0 12500
1724565339708 5767172.0 15000
1724565444465 5666104.0 17500
1724565545497 5557402.0 20000
1724565646061 5446771.0 22500
1724565747849 5345044.0 25000
1724565852628 5254158.0 27500
1724565956064 5150064.5 30000
1724566064311 5068273.0 32500
1724566169128 5025227.5 35000
1724566267956 4879779.0 37500
1724566372802 4801761.0 40000
1724566472314 4708518.5 42500
1724566569499 4634010.0 45000
1724566669765 4551602.0 47500
1724566768882 4486935.0 50000
1724566867587 4405456.5 52500
1724566969011 4349655.0 55000
1724567073663 4262294.0 57500
1724567180272 4203660.5 60000
1724567289671 4129702.0 62500
1724567396869 4086300.0 65000
1724567504973 4039482.5 67500
1724567609017 3946974.5 70000
1724567707852 3901773.0 72500
1724567804640 3840866.25 75000
1724567902923 3780487.0 77500
1724567999561 3713694.0 80000
1724568099224 3656661.5 82500
1724568197009 3604849.25 85000
1724568297692 3561787.0 87500
1724568399284 3539656.25 90000
1724568502872 3484724.5 92500
1724568611347 3424740.5 95000
1724568711500 3375051.25 97500
1724568811889 3335653.75 99999
