1724564670849 0.0010832007974386215 0
1724564788667 3.627161149211133e-08 2500
1724564905118 6.696682675055854e-08 5000
1724565006565 2.89189596713868e-08 7500
1724565125966 1.4933064562683285e-08 10000
1724565225998 1.5326583335806276e-09 12500
1724565339708 1.056012943756457e-09 15000
1724565444465 9.094391351105457e-10 17500
1724565545497 1.8395176493157805e-09 20000
1724565646061 3.4904630297205586e-09 22500
1724565747849 8.027535969290511e-09 25000
1724565852627 4.1630418223803645e-08 27500
1724565956064 5.0543341956199583e-08 30000
1724566064310 5.869332397878679e-08 32500
1724566169128 5.0932673190118294e-08 35000
1724566267956 6.220520276656316e-08 37500
1724566372802 3.831476025339953e-09 40000
1724566472314 1.0273814687877802e-08 42500
1724566569499 1.5631933081294846e-08 45000
1724566669764 3.781479129827403e-09 47500
1724566768881 6.201908764325026e-09 50000
1724566867586 6.154493359389335e-09 52500
1724566969011 4.049572677189417e-09 55000
1724567073663 4.794421748499644e-09 57500
1724567180271 5.993876506238394e-09 60000
1724567289670 6.7642313972271495e-09 62500
1724567396868 6.758880566337666e-09 65000
1724567504973 7.81067477362285e-09 67500
1724567609017 4.963006894342925e-09 70000
1724567707851 4.914859186300191e-09 72500
1724567804639 8.317095456789048e-09 75000
1724567902922 9.543509094100955e-09 77500
1724567999561 1.3102836149414543e-08 80000
1724568099223 1.5641720807479942e-08 82500
1724568197008 1.8183078154265786e-08 85000
1724568297692 2.3558202499884828e-08 87500
1724568399284 2.3935186277412868e-08 90000
1724568502872 2.8784864269937316e-08 92500
1724568611347 3.0474030410232444e-08 95000
1724568711500 3.391962977161711e-08 97500
1724568811889 3.2980771891288896e-08 99999
