1723879060666 13.35278034210205 0
1723879195188 22.930028915405273 2500
1723879348816 146.36643981933594 5000
1723879473914 95.53820037841797 7500
1723879607555 89.29766082763672 10000
1723879732725 86.45606231689453 12500
1723879857744 99.45954895019531 15000
1723879986959 79.00228118896484 17500
1723880114070 66.34613800048828 20000
1723880238438 61.97996139526367 22500
1723880361129 56.15522384643555 25000
1723880486843 49.65896224975586 27500
1723880612007 76.5748519897461 30000
1723880734901 53.44916915893555 32500
1723880855806 47.17039108276367 35000
1723880975015 57.03485107421875 37500
1723881099472 46.29951095581055 40000
1723881221609 32.44734191894531 42500
1723881342466 24.063446044921875 45000
1723881463809 16.743181228637695 47500
1723881590653 7.97395133972168 50000
1723881713000 6.215798854827881 52500
1723881839829 5.787128925323486 55000
1723881962160 4.684446334838867 57500
1723882093725 4.18925142288208 60000
1723882223953 3.89713454246521 62500
1723882357278 4.19636869430542 65000
1723882489311 3.475001335144043 67500
1723882615208 3.211276054382324 70000
1723882745541 4.283641338348389 72500
1723882875086 5.247739791870117 75000
1723883003896 5.530732154846191 77500
1723883130655 5.696928024291992 80000
1723883251671 88.861328125 82500
1723883367684 88.861328125 85000
1723883481103 88.861328125 87500
1723883594078 88.861328125 90000
1723883712536 88.861328125 92500
1723883829566 88.861328125 95000
1723883947926 88.861328125 97500
1723884070628 88.861328125 99999
