1723879060666 0.2279580980539322 0
1723879195188 40.82802963256836 2500
1723879348816 93.61193084716797 5000
1723879473914 54.98127365112305 7500
1723879607555 52.78609848022461 10000
1723879732725 46.37591552734375 12500
1723879857744 57.349891662597656 15000
1723879986959 46.79716873168945 17500
1723880114070 46.14686584472656 20000
1723880238439 37.32244873046875 22500
1723880361129 34.45576477050781 25000
1723880486843 30.744384765625 27500
1723880612007 63.692630767822266 30000
1723880734901 48.53034210205078 32500
1723880855807 39.71500778198242 35000
1723880975016 42.18197250366211 37500
1723881099472 37.66895294189453 40000
1723881221610 27.206283569335938 42500
1723881342467 21.211332321166992 45000
1723881463809 21.847049713134766 47500
1723881590654 12.01085376739502 50000
1723881713000 9.373223304748535 52500
1723881839830 10.032828330993652 55000
1723881962160 9.241009712219238 57500
1723882093726 8.991731643676758 60000
1723882223953 9.944409370422363 62500
1723882357279 8.91848087310791 65000
1723882489311 8.085941314697266 67500
1723882615209 7.328583240509033 70000
1723882745542 9.83867073059082 72500
1723882875086 13.871753692626953 75000
1723883003896 14.147679328918457 77500
1723883130655 13.79366397857666 80000
1723883251672 88.861328125 82500
1723883367684 88.861328125 85000
1723883481103 88.861328125 87500
1723883594079 88.861328125 90000
1723883712537 88.861328125 92500
1723883829566 88.861328125 95000
1723883947927 88.861328125 97500
1723884070629 88.861328125 99999
