1723879060667 25.723739624023438 0
1723879195188 89.89019012451172 2500
1723879348816 366.9280090332031 5000
1723879473915 356.4603576660156 7500
1723879607555 450.1727600097656 10000
1723879732726 488.9668273925781 12500
1723879857744 383.12554931640625 15000
1723879986960 333.2250061035156 17500
1723880114071 301.3539123535156 20000
1723880238439 529.203125 22500
1723880361130 556.6687622070312 25000
1723880486844 545.6043701171875 27500
1723880612007 535.9576416015625 30000
1723880734902 484.53570556640625 32500
1723880855807 588.25048828125 35000
1723880975016 581.453369140625 37500
1723881099472 486.52960205078125 40000
1723881221610 456.2209777832031 42500
1723881342467 354.6755065917969 45000
1723881463810 412.26995849609375 47500
1723881590654 386.6399841308594 50000
1723881713001 350.3461608886719 52500
1723881839830 328.3429870605469 55000
1723881962160 299.9956359863281 57500
1723882093726 269.9020690917969 60000
1723882223953 239.7294464111328 62500
1723882357279 220.48565673828125 65000
1723882489312 176.43917846679688 67500
1723882615209 134.01219177246094 70000
1723882745542 100.1917953491211 72500
1723882875086 93.05148315429688 75000
1723883003896 86.0364990234375 77500
1723883130655 88.86324310302734 80000
1723883251672 88.861328125 82500
1723883367685 88.861328125 85000
1723883481104 88.861328125 87500
1723883594079 88.861328125 90000
1723883712538 88.861328125 92500
1723883829567 88.861328125 95000
1723883947928 88.861328125 97500
1723884070630 88.861328125 99999
