1723879060663 1186.041259765625 0
1723879195185 23991.09765625 2500
1723879348813 449872.40625 5000
1723879473911 351769.28125 7500
1723879607552 345898.28125 10000
1723879732723 301868.5625 12500
1723879857741 264795.65625 15000
1723879986956 139046.125 17500
1723880114067 111900.171875 20000
1723880238436 102930.28125 22500
1723880361127 109138.1953125 25000
1723880486841 98342.8671875 27500
1723880612004 199883.359375 30000
1723880734899 162763.5625 32500
1723880855804 158680.796875 35000
1723880975013 131520.203125 37500
1723881099469 116421.7734375 40000
1723881221607 82882.3671875 42500
1723881342464 58303.25390625 45000
1723881463806 45676.2734375 47500
1723881590650 28876.4140625 50000
1723881712997 25417.619140625 52500
1723881839827 28578.251953125 55000
1723881962157 27205.18359375 57500
1723882093723 25769.884765625 60000
1723882223950 24222.26171875 62500
1723882357276 24029.791015625 65000
1723882489308 19405.298828125 67500
1723882615206 14250.0390625 70000
1723882745539 10856.3349609375 72500
1723882875083 21487.712890625 75000
1723883003893 22063.013671875 77500
1723883130652 23057.244140625 80000
1723883251668 88.861328125 82500
1723883367680 88.861328125 85000
1723883481099 88.861328125 87500
1723883594075 88.861328125 90000
1723883712533 88.861328125 92500
1723883829563 88.861328125 95000
1723883947923 88.861328125 97500
1723884070624 88.861328125 99999
