1723879060666 1.2877154350280762 0
1723879195187 30.52207374572754 2500
1723879348815 49.498130798339844 5000
1723879473914 58.30729675292969 7500
1723879607554 73.93131256103516 10000
1723879732725 71.9985580444336 12500
1723879857743 108.46971893310547 15000
1723879986958 93.5320816040039 17500
1723880114069 75.07587432861328 20000
1723880238438 111.47077178955078 22500
1723880361129 87.90766143798828 25000
1723880486843 84.784423828125 27500
1723880612006 73.45569610595703 30000
1723880734900 54.55960464477539 32500
1723880855806 77.15239715576172 35000
1723880975015 111.53807067871094 37500
1723881099471 91.61498260498047 40000
1723881221609 75.30240631103516 42500
1723881342466 65.15149688720703 45000
1723881463809 36.9708366394043 47500
1723881590653 39.14003372192383 50000
1723881712999 52.587379455566406 52500
1723881839829 63.5510368347168 55000
1723881962159 52.8052978515625 57500
1723882093725 46.67860412597656 60000
1723882223952 33.325523376464844 62500
1723882357278 48.84290313720703 65000
1723882489310 46.777488708496094 67500
1723882615208 44.523372650146484 70000
1723882745541 32.23554229736328 72500
1723882875085 25.572715759277344 75000
1723883003895 26.559829711914062 77500
1723883130654 26.066511154174805 80000
1723883251671 88.861328125 82500
1723883367683 88.861328125 85000
1723883481102 88.861328125 87500
1723883594078 88.861328125 90000
1723883712536 88.861328125 92500
1723883829565 88.861328125 95000
1723883947926 88.861328125 97500
1723884070628 88.861328125 99999
