1723879060664 8.650507926940918 0
1723879195186 16.7410888671875 2500
1723879348815 78.04324340820312 5000
1723879473913 85.3994369506836 7500
1723879607553 99.8030776977539 10000
1723879732724 94.84475708007812 12500
1723879857742 122.12802124023438 15000
1723879986958 101.0428237915039 17500
1723880114069 74.83135986328125 20000
1723880238437 94.20669555664062 22500
1723880361128 70.90938568115234 25000
1723880486842 63.979461669921875 27500
1723880612005 51.678131103515625 30000
1723880734900 33.315425872802734 32500
1723880855805 40.59908676147461 35000
1723880975014 49.27254867553711 37500
1723881099471 31.958173751831055 40000
1723881221608 23.385971069335938 42500
1723881342465 15.14604377746582 45000
1723881463808 6.215494155883789 47500
1723881590652 2.6637840270996094 50000
1723881712998 2.9554803371429443 52500
1723881839828 2.7676870822906494 55000
1723881962159 2.776656150817871 57500
1723882093724 2.868889093399048 60000
1723882223951 2.4691457748413086 62500
1723882357277 2.847548246383667 65000
1723882489310 2.346956253051758 67500
1723882615207 1.7898714542388916 70000
1723882745540 1.6487972736358643 72500
1723882875085 2.1688756942749023 75000
1723883003894 1.4374603033065796 77500
1723883130654 1.223982572555542 80000
1723883251670 88.861328125 82500
1723883367682 88.861328125 85000
1723883481101 88.861328125 87500
1723883594077 88.861328125 90000
1723883712535 88.861328125 92500
1723883829564 88.861328125 95000
1723883947925 88.861328125 97500
1723884070626 88.861328125 99999
