1723879060665 0.3019252419471741 0
1723879195187 43.19888687133789 2500
1723879348815 43.385643005371094 5000
1723879473913 63.28035354614258 7500
1723879607554 77.92979431152344 10000
1723879732724 66.79354858398438 12500
1723879857743 96.80503845214844 15000
1723879986958 79.54547119140625 17500
1723880114069 61.2120246887207 20000
1723880238438 74.59566497802734 22500
1723880361128 50.428829193115234 25000
1723880486842 44.89406204223633 27500
1723880612006 32.71116638183594 30000
1723880734900 20.65970802307129 32500
1723880855806 26.664262771606445 35000
1723880975015 31.136777877807617 37500
1723881099471 19.199243545532227 40000
1723881221609 13.481765747070312 42500
1723881342466 8.542030334472656 45000
1723881463808 7.243006229400635 47500
1723881590652 4.1006035804748535 50000
1723881712999 2.022301435470581 52500
1723881839828 1.7744370698928833 55000
1723881962159 1.5392827987670898 57500
1723882093725 1.5877950191497803 60000
1723882223952 2.25844669342041 62500
1723882357278 1.5150350332260132 65000
1723882489310 1.610651969909668 67500
1723882615207 1.664334774017334 70000
1723882745541 3.336160898208618 72500
1723882875085 5.364545822143555 75000
1723883003895 5.391878604888916 77500
1723883130654 4.796977996826172 80000
1723883251670 88.861328125 82500
1723883367683 88.861328125 85000
1723883481102 88.861328125 87500
1723883594077 88.861328125 90000
1723883712535 88.861328125 92500
1723883829565 88.861328125 95000
1723883947925 88.861328125 97500
1723884070627 88.861328125 99999
