1723879060661 43390544.0 0
1723879195185 1790326.125 2500
1723879348813 8877061.0 5000
1723879473911 4616064.0 7500
1723879607552 13642244.0 10000
1723879732722 5184079.5 12500
1723879857741 7340912.0 15000
1723879986956 8001440.0 17500
1723880114066 4827059.0 20000
1723880238435 9430299.0 22500
1723880361126 5343304.0 25000
1723880486840 3951217.25 27500
1723880612004 26196194.0 30000
1723880734898 20403858.0 32500
1723880855803 15695799.0 35000
1723880975012 29462922.0 37500
1723881099469 30875850.0 40000
1723881221606 15506451.0 42500
1723881342463 10365692.0 45000
1723881463806 9023102.0 47500
1723881590649 7200728.0 50000
1723881712997 4578035.5 52500
1723881839826 4413888.0 55000
1723881962157 2946985.75 57500
1723882093722 2083570.125 60000
1723882223949 1737498.625 62500
1723882357275 1490527.125 65000
1723882489307 1220495.5 67500
1723882615205 1013669.9375 70000
1723882745538 2138198.0 72500
1723882875083 2482475.0 75000
1723883003893 1170381.625 77500
1723883130652 1091106.25 80000
1723883251667 88.861328125 82500
1723883367680 88.861328125 85000
1723883481098 88.861328125 87500
1723883594074 88.861328125 90000
1723883712532 88.861328125 92500
1723883829562 88.861328125 95000
1723883947922 88.861328125 97500
1723884070623 88.861328125 99999
