1723879060663 130170384.0 0
1723879195186 5340416.0 2500
1723879348814 25882366.0 5000
1723879473912 13298430.0 7500
1723879607553 40394540.0 10000
1723879732724 15089739.0 12500
1723879857742 21621674.0 15000
1723879986957 23812050.0 17500
1723880114068 14332755.0 20000
1723880238437 28150714.0 22500
1723880361127 15891356.0 25000
1723880486841 11731681.0 27500
1723880612005 78284656.0 30000
1723880734899 60971232.0 32500
1723880855805 46864232.0 35000
1723880975014 88203800.0 37500
1723881099470 92462792.0 40000
1723881221608 46407956.0 42500
1723881342465 31021538.0 45000
1723881463807 27013904.0 47500
1723881590652 21569926.0 50000
1723881712998 13705675.0 52500
1723881839828 13206988.0 55000
1723881962158 8807839.0 57500
1723882093724 6219307.5 60000
1723882223951 5183026.0 62500
1723882357277 4442993.0 65000
1723882489309 3638629.0 67500
1723882615207 3024688.75 70000
1723882745540 6402862.0 72500
1723882875084 7422557.5 75000
1723883003894 3486007.75 77500
1723883130653 3247030.25 80000
1723883251669 88.861328125 82500
1723883367682 88.861328125 85000
1723883481101 88.861328125 87500
1723883594076 88.861328125 90000
1723883712534 88.861328125 92500
1723883829564 88.861328125 95000
1723883947924 88.861328125 97500
1723884070625 88.861328125 99999
