1723879060663 3.882140636444092 0
1723879195186 6327.1318359375 2500
1723879348814 298166.90625 5000
1723879473912 197277.328125 7500
1723879607553 185451.515625 10000
1723879732723 159774.0625 12500
1723879857742 135399.3125 15000
1723879986957 52489.7421875 17500
1723880114068 35895.95703125 20000
1723880238436 36342.12890625 22500
1723880361127 28560.63671875 25000
1723880486841 22807.7421875 27500
1723880612005 103206.796875 30000
1723880734899 76880.2734375 32500
1723880855804 63662.31640625 35000
1723880975013 52578.34375 37500
1723881099470 47619.125 40000
1723881221608 27884.322265625 42500
1723881342465 16744.32421875 45000
1723881463807 9223.345703125 47500
1723881590651 2927.578125 50000
1723881712998 2589.8984375 52500
1723881839827 5685.43212890625 55000
1723881962158 5541.43798828125 57500
1723882093723 5298.7470703125 60000
1723882223951 4956.47705078125 62500
1723882357277 4271.548828125 65000
1723882489309 3213.65478515625 67500
1723882615206 1878.378173828125 70000
1723882745539 723.5551147460938 72500
1723882875084 3234.07958984375 75000
1723883003894 2934.779296875 77500
1723883130653 3090.41943359375 80000
1723883251668 88.861328125 82500
1723883367681 88.861328125 85000
1723883481100 88.861328125 87500
1723883594075 88.861328125 90000
1723883712534 88.861328125 92500
1723883829563 88.861328125 95000
1723883947923 88.861328125 97500
1723884070624 88.861328125 99999
